0 0
9.99046e-05 -6.25
0.000199809 -6.2498
0.000299714 -6.24961
0.000399618 -6.24941
0.000499523 -6.24922
0.000599428 -6.24902
0.000699332 -6.24883
0.000799237 -6.24863
0.000899141 -6.24844
0.000999046 -6.24824
0.00109895 -6.24805
0.00119886 -6.24785
0.00129876 -6.24766
0.00139866 -6.24746
0.00149857 -6.24727
0.00159847 -6.24707
0.00169838 -6.24688
0.00179828 -6.24668
0.00189819 -6.24649
0.00199809 -6.24629
0.002098 -6.2461
0.0021979 -6.2459
0.00229781 -6.24571
0.00239771 -6.24551
0.00249761 -6.24532
0.00259752 -6.24512
0.00269742 -6.24493
0.00279733 -6.24473
0.00289723 -6.24454
0.00299714 -6.24434
0.00309704 -6.24415
0.00319695 -6.24395
0.00329685 -6.24376
0.00339676 -6.24356
0.00349666 -6.24337
0.00359657 -6.24317
0.00369647 -6.24298
0.00379637 -6.24278
0.00389628 -6.24259
0.00399618 -6.24239
0.00409609 -6.2422
0.00419599 -6.242
0.0042959 -6.24181
0.0043958 -6.24162
0.00449571 -6.24142
0.00459561 -6.24123
0.00469552 -6.24103
0.00479542 -6.24084
0.00489532 -6.24064
0.00499523 -6.24045
0.00509513 -6.24025
0.00519504 -6.24006
0.00529494 -6.23986
0.00539485 -6.23967
0.00549475 -6.23947
0.00559466 -6.23928
0.00569456 -6.23908
0.00579447 -6.23889
0.00589437 -6.23869
0.00599428 -6.2385
0.00609418 -6.2383
0.00619408 -6.23811
0.00629399 -6.23791
0.00639389 -6.23772
0.0064938 -6.23752
0.0065937 -6.23733
0.00669361 -6.23713
0.00679351 -6.23694
0.00689342 -6.23675
0.00699332 -6.23655
0.00709323 -6.23636
0.00719313 -6.23616
0.00729304 -6.23597
0.00739294 -6.23577
0.00749284 -6.23558
0.00759275 -6.23538
0.00769265 -6.23519
0.00779256 -6.23499
0.00789246 -6.2348
0.00799237 -6.2346
0.00809227 -6.23441
0.00819218 -6.23421
0.00829208 -6.23402
0.00839199 -6.23383
0.00849189 -6.23363
0.00859179 -6.23344
0.0086917 -6.23324
0.0087916 -6.23305
0.00889151 -6.23285
0.00899141 -6.23266
0.00909132 -6.23246
0.00919122 -6.23227
0.00929113 -6.23207
0.00939103 -6.23188
0.00949094 -6.23168
0.00959084 -6.23149
0.00969075 -6.2313
0.00979065 -6.2311
0.00989055 -6.23091
0.00999046 -6.23071
0.0100904 -6.23052
0.0101903 -6.23032
0.0102902 -6.23013
0.0103901 -6.22993
0.01049 -6.22974
0.0105899 -6.22954
0.0106898 -6.22935
0.0107897 -6.22916
0.0108896 -6.22896
0.0109895 -6.22877
0.0110894 -6.22857
0.0111893 -6.22838
0.0112892 -6.22818
0.0113891 -6.22799
0.011489 -6.22779
0.0115889 -6.2276
0.0116888 -6.22741
0.0117887 -6.22721
0.0118886 -6.22702
0.0119886 -6.22682
0.0120885 -6.22663
0.0121884 -6.22643
0.0122883 -6.22624
0.0123882 -6.22605
0.0124881 -6.22585
0.012588 -6.22566
0.0126879 -6.22546
0.0127878 -6.22527
0.0128877 -6.22507
0.0129876 -6.22488
0.0130875 -6.22468
0.0131874 -6.22449
0.0132873 -6.2243
0.0133872 -6.2241
0.0134871 -6.22391
0.013587 -6.22371
0.0136869 -6.22352
0.0137868 -6.22332
0.0138867 -6.22313
0.0139866 -6.22294
0.0140865 -6.22274
0.0141865 -6.22255
0.0142864 -6.22235
0.0143863 -6.22216
0.0144862 -6.22196
0.0145861 -6.22177
0.014686 -6.22158
0.0147859 -6.22138
0.0148858 -6.22119
0.0149857 -6.22099
0.0150856 -6.2208
0.0151855 -6.2206
0.0152854 -6.22041
0.0153853 -6.22022
0.0154852 -6.22002
0.0155851 -6.21983
0.015685 -6.21963
0.0157849 -6.21944
0.0158848 -6.21925
0.0159847 -6.21905
0.0160846 -6.21886
0.0161845 -6.21866
0.0162844 -6.21847
0.0163844 -6.21827
0.0164843 -6.21808
0.0165842 -6.21789
0.0166841 -6.21769
0.016784 -6.2175
0.016884 -6.2173
0.0169839 -6.21711
0.0170838 -6.21692
0.0171838 -6.21672
0.0172837 -6.21653
0.0173837 -6.21633
0.0174836 -6.21614
0.0175835 -6.21594
0.0176835 -6.21575
0.0177834 -6.21556
0.0178834 -6.21536
0.0179833 -6.21517
0.0180833 -6.21497
0.0181832 -6.21478
0.0182831 -6.21459
0.0183831 -6.21439
0.018483 -6.2142
0.018583 -6.214
0.0186829 -6.21381
0.0187829 -6.21362
0.0188828 -6.21342
0.0189827 -6.21323
0.0190827 -6.21303
0.0191826 -6.21284
0.0192826 -6.21265
0.0193825 -6.21245
0.0194825 -6.21226
0.0195824 -6.21206
0.0196823 -6.21187
0.0197823 -6.21168
0.0198822 -6.21148
0.0199822 -6.21129
0.0200821 -6.21109
0.0201821 -6.2109
0.020282 -6.21071
0.0203819 -6.21051
0.0204819 -6.21032
0.0205818 -6.21012
0.0206818 -6.20993
0.0207817 -6.20974
0.0208817 -6.20954
0.0209816 -6.20935
0.0210815 -6.20915
0.0211815 -6.20896
0.0212814 -6.20877
0.0213814 -6.20857
0.0214813 -6.20838
0.0215812 -6.20818
0.0216812 -6.20799
0.0217811 -6.2078
0.0218811 -6.2076
0.021981 -6.20741
0.022081 -6.20721
0.0221809 -6.20702
0.0222808 -6.20683
0.0223808 -6.20663
0.0224807 -6.20644
0.0225807 -6.20625
0.0226806 -6.20605
0.0227806 -6.20586
0.0228805 -6.20566
0.0229804 -6.20547
0.0230804 -6.20528
0.0231803 -6.20508
0.0232803 -6.20489
0.0233802 -6.2047
0.0234802 -6.2045
0.0235801 -6.20431
0.02368 -6.20411
0.02378 -6.20392
0.0238799 -6.20373
0.0239799 -6.20353
0.0240798 -6.20334
0.0241798 -6.20314
0.0242797 -6.20295
0.0243796 -6.20276
0.0244796 -6.20256
0.0245795 -6.20237
0.0246795 -6.20218
0.0247794 -6.20198
0.0248794 -6.20179
0.0249793 -6.2016
0.0250792 -6.2014
0.0251792 -6.20121
0.0252791 -6.20101
0.0253791 -6.20082
0.025479 -6.20063
0.0255789 -6.20043
0.0256789 -6.20024
0.0257788 -6.20005
0.0258788 -6.19985
0.0259787 -6.19966
0.0260787 -6.19946
0.0261786 -6.19927
0.0262785 -6.19908
0.0263785 -6.19888
0.0264784 -6.19869
0.0265784 -6.1985
0.0266783 -6.1983
0.0267783 -6.19811
0.0268782 -6.19792
0.0269781 -6.19772
0.0270781 -6.19753
0.027178 -6.19734
0.027278 -6.19714
0.0273779 -6.19695
0.0274779 -6.19675
0.0275778 -6.19656
0.0276777 -6.19637
0.0277777 -6.19617
0.0278776 -6.19598
0.0279776 -6.19579
0.0280775 -6.19559
0.0281775 -6.1954
0.0282774 -6.19521
0.0283773 -6.19501
0.0284773 -6.19482
0.0285772 -6.19463
0.0286772 -6.19443
0.0287771 -6.19424
0.0288771 -6.19405
0.028977 -6.19385
0.0290769 -6.19366
0.0291769 -6.19347
0.0292768 -6.19327
0.0293768 -6.19308
0.0294767 -6.19289
0.0295766 -6.19269
0.0296766 -6.1925
0.0297765 -6.1923
0.0298765 -6.19211
0.0299764 -6.19192
0.0300764 -6.19172
0.0301763 -6.19153
0.0302762 -6.19134
0.0303762 -6.19114
0.0304761 -6.19095
0.0305761 -6.19076
0.030676 -6.19056
0.030776 -6.19037
0.0308759 -6.19018
0.0309758 -6.18998
0.0310758 -6.18979
0.0311757 -6.1896
0.0312757 -6.1894
0.0313756 -6.18921
0.0314756 -6.18902
0.0315755 -6.18882
0.0316754 -6.18863
0.0317754 -6.18844
0.0318753 -6.18824
0.0319753 -6.18805
0.0320752 -6.18786
0.0321752 -6.18767
0.0322751 -6.18747
0.032375 -6.18728
0.032475 -6.18709
0.0325749 -6.18689
0.0326749 -6.1867
0.0327748 -6.18651
0.0328748 -6.18631
0.0329747 -6.18612
0.0330746 -6.18593
0.0331746 -6.18573
0.0332745 -6.18554
0.0333745 -6.18535
0.0334744 -6.18515
0.0335743 -6.18496
0.0336743 -6.18477
0.0337742 -6.18457
0.0338742 -6.18438
0.0339741 -6.18419
0.0340741 -6.18399
0.034174 -6.1838
0.0342739 -6.18361
0.0343739 -6.18341
0.0344738 -6.18322
0.0345738 -6.18303
0.0346737 -6.18284
0.0347737 -6.18264
0.0348736 -6.18245
0.0349735 -6.18226
0.0350735 -6.18206
0.0351734 -6.18187
0.0352734 -6.18168
0.0353733 -6.18148
0.0354733 -6.18129
0.0355732 -6.1811
0.0356731 -6.1809
0.0357731 -6.18071
0.035873 -6.18052
0.035973 -6.18033
0.0360729 -6.18013
0.0361729 -6.17994
0.0362728 -6.17975
0.0363727 -6.17955
0.0364727 -6.17936
0.0365726 -6.17917
0.0366726 -6.17897
0.0367725 -6.17878
0.0368725 -6.17859
0.0369724 -6.1784
0.0370723 -6.1782
0.0371723 -6.17801
0.0372722 -6.17782
0.0373722 -6.17762
0.0374721 -6.17743
0.037572 -6.17724
0.037672 -6.17705
0.0377719 -6.17685
0.0378719 -6.17666
0.0379718 -6.17647
0.0380718 -6.17627
0.0381717 -6.17608
0.0382716 -6.17589
0.0383716 -6.17569
0.0384715 -6.1755
0.0385715 -6.17531
0.0386714 -6.17512
0.0387714 -6.17492
0.0388713 -6.17473
0.0389712 -6.17454
0.0390712 -6.17434
0.0391711 -6.17415
0.0392711 -6.17396
0.039371 -6.17377
0.039471 -6.17357
0.0395709 -6.17338
0.0396708 -6.17319
0.0397708 -6.17299
0.0398707 -6.1728
0.0399707 -6.17261
0.0400706 -6.17242
0.0401706 -6.17222
0.0402705 -6.17203
0.0403704 -6.17184
0.0404704 -6.17165
0.0405703 -6.17145
0.0406703 -6.17126
0.0407702 -6.17107
0.0408702 -6.17087
0.0409701 -6.17068
0.04107 -6.17049
0.04117 -6.1703
0.0412699 -6.1701
0.0413699 -6.16991
0.0414698 -6.16972
0.0415697 -6.16953
0.0416697 -6.16933
0.0417696 -6.16914
0.0418696 -6.16895
0.0419695 -6.16875
0.0420695 -6.16856
0.0421694 -6.16837
0.0422693 -6.16818
0.0423693 -6.16798
0.0424692 -6.16779
0.0425692 -6.1676
0.0426691 -6.16741
0.0427691 -6.16721
0.042869 -6.16702
0.0429689 -6.16683
0.0430689 -6.16664
0.0431688 -6.16644
0.0432688 -6.16625
0.0433687 -6.16606
0.0434687 -6.16587
0.0435686 -6.16567
0.0436685 -6.16548
0.0437685 -6.16529
0.0438684 -6.1651
0.0439684 -6.1649
0.0440683 -6.16471
0.0441683 -6.16452
0.0442682 -6.16433
0.0443681 -6.16413
0.0444681 -6.16394
0.044568 -6.16375
0.044668 -6.16356
0.0447679 -6.16336
0.0448679 -6.16317
0.0449678 -6.16298
0.0450677 -6.16279
0.0451677 -6.16259
0.0452676 -6.1624
0.0453676 -6.16221
0.0454675 -6.16202
0.0455674 -6.16182
0.0456674 -6.16163
0.0457673 -6.16144
0.0458673 -6.16125
0.0459672 -6.16105
0.0460672 -6.16086
0.0461671 -6.16067
0.046267 -6.16048
0.046367 -6.16028
0.0464669 -6.16009
0.0465669 -6.1599
0.0466668 -6.15971
0.0467668 -6.15951
0.0468667 -6.15932
0.0469666 -6.15913
0.0470666 -6.15894
0.0471665 -6.15874
0.0472665 -6.15855
0.0473664 -6.15836
0.0474664 -6.15817
0.0475663 -6.15798
0.0476662 -6.15778
0.0477662 -6.15759
0.0478661 -6.1574
0.0479661 -6.15721
0.048066 -6.15701
0.048166 -6.15682
0.0482659 -6.15663
0.0483658 -6.15644
0.0484658 -6.15624
0.0485657 -6.15605
0.0486657 -6.15586
0.0487652 -6.15567
0.0488647 -6.15548
0.0489643 -6.15528
0.0490638 -6.15509
0.0491633 -6.1549
0.0492628 -6.15471
0.0493624 -6.15452
0.0494619 -6.15433
0.0495614 -6.15414
0.0496609 -6.15394
0.0497605 -6.15375
0.04986 -6.15356
0.0499595 -6.15337
0.0500591 -6.15318
0.0501586 -6.15299
0.0502581 -6.1528
0.0503576 -6.1526
0.0504572 -6.15241
0.0505567 -6.15222
0.0506562 -6.15203
0.0507558 -6.15184
0.0508553 -6.15165
0.0509548 -6.15146
0.0510543 -6.15127
0.0511539 -6.15107
0.0512534 -6.15088
0.0513529 -6.15069
0.0514524 -6.1505
0.051552 -6.15031
0.0516515 -6.15012
0.051751 -6.14993
0.0518506 -6.14974
0.0519501 -6.14954
0.0520496 -6.14935
0.0521491 -6.14916
0.0522487 -6.14897
0.0523482 -6.14878
0.0524477 -6.14859
0.0525473 -6.1484
0.0526468 -6.14821
0.0527463 -6.14801
0.0528458 -6.14782
0.0529454 -6.14763
0.0530449 -6.14744
0.0531444 -6.14725
0.053244 -6.14706
0.0533435 -6.14687
0.053443 -6.14668
0.0535425 -6.14648
0.0536421 -6.14629
0.0537416 -6.1461
0.0538411 -6.14591
0.0539406 -6.14572
0.0540402 -6.14553
0.0541397 -6.14534
0.0542392 -6.14515
0.0543388 -6.14496
0.0544383 -6.14476
0.0545378 -6.14457
0.0546373 -6.14438
0.0547369 -6.14419
0.0548364 -6.144
0.0549359 -6.14381
0.0550355 -6.14362
0.055135 -6.14343
0.0552345 -6.14324
0.055334 -6.14304
0.0554336 -6.14285
0.0555331 -6.14266
0.0556326 -6.14247
0.0557321 -6.14228
0.0558317 -6.14209
0.0559312 -6.1419
0.0560307 -6.14171
0.0561303 -6.14152
0.0562298 -6.14132
0.0563293 -6.14113
0.0564288 -6.14094
0.0565284 -6.14075
0.0566279 -6.14056
0.0567274 -6.14037
0.056827 -6.14018
0.0569265 -6.13999
0.057026 -6.1398
0.0571255 -6.13961
0.0572251 -6.13941
0.0573246 -6.13922
0.0574241 -6.13903
0.0575237 -6.13884
0.0576232 -6.13865
0.0577227 -6.13846
0.0578222 -6.13827
0.0579218 -6.13808
0.0580213 -6.13789
0.0581208 -6.1377
0.0582203 -6.13751
0.0583199 -6.13731
0.0584194 -6.13712
0.0585189 -6.13693
0.0586185 -6.13674
0.058718 -6.13655
0.0588175 -6.13636
0.058917 -6.13617
0.0590166 -6.13598
0.0591161 -6.13579
0.0592156 -6.1356
0.0593152 -6.13541
0.0594147 -6.13522
0.0595142 -6.13502
0.0596137 -6.13483
0.0597133 -6.13464
0.0598128 -6.13445
0.0599123 -6.13426
0.0600118 -6.13407
0.0601114 -6.13388
0.0602109 -6.13369
0.0603104 -6.1335
0.06041 -6.13331
0.0605095 -6.13312
0.060609 -6.13293
0.0607085 -6.13274
0.0608081 -6.13254
0.0609076 -6.13235
0.0610071 -6.13216
0.0611067 -6.13197
0.0612062 -6.13178
0.0613057 -6.13159
0.0614052 -6.1314
0.0615048 -6.13121
0.0616043 -6.13102
0.0617038 -6.13083
0.0618034 -6.13064
0.0619029 -6.13045
0.0620024 -6.13026
0.0621019 -6.13007
0.0622015 -6.12987
0.062301 -6.12968
0.0624005 -6.12949
0.0625 -6.1293
0.0625996 -6.12911
0.0626991 -6.12892
0.0627986 -6.12873
0.0628982 -6.12854
0.0629977 -6.12835
0.0630972 -6.12816
0.0631967 -6.12797
0.0632963 -6.12778
0.0633958 -6.12759
0.0634953 -6.1274
0.0635949 -6.12721
0.0636944 -6.12702
0.0637939 -6.12682
0.0638934 -6.12663
0.063993 -6.12644
0.0640925 -6.12625
0.064192 -6.12606
0.0642915 -6.12587
0.0643911 -6.12568
0.0644906 -6.12549
0.0645901 -6.1253
0.0646897 -6.12511
0.0647892 -6.12492
0.0648887 -6.12473
0.0649882 -6.12454
0.0650878 -6.12435
0.0651873 -6.12416
0.0652868 -6.12397
0.0653864 -6.12378
0.0654859 -6.12359
0.0655854 -6.1234
0.0656849 -6.12321
0.0657845 -6.12301
0.0658843 -6.12282
0.0659842 -6.12263
0.0660841 -6.12244
0.0661839 -6.12225
0.0662838 -6.12206
0.0663836 -6.12187
0.0664835 -6.12168
0.0665834 -6.12149
0.0666832 -6.1213
0.0667831 -6.1211
0.066883 -6.12091
0.0669828 -6.12072
0.0670827 -6.12053
0.0671826 -6.12034
0.0672824 -6.12015
0.0673823 -6.11996
0.0674822 -6.11977
0.067582 -6.11958
0.0676819 -6.11939
0.0677817 -6.11919
0.0678816 -6.119
0.0679815 -6.11881
0.0680813 -6.11862
0.0681812 -6.11843
0.0682811 -6.11824
0.0683809 -6.11805
0.0684808 -6.11786
0.0685807 -6.11767
0.0686805 -6.11748
0.0687804 -6.11729
0.0688802 -6.11709
0.0689801 -6.1169
0.06908 -6.11671
0.0691798 -6.11652
0.0692797 -6.11633
0.0693796 -6.11614
0.0694794 -6.11595
0.0695793 -6.11576
0.0696792 -6.11557
0.069779 -6.11538
0.0698789 -6.11519
0.0699787 -6.115
0.0700786 -6.1148
0.0701785 -6.11461
0.0702783 -6.11442
0.0703782 -6.11423
0.0704781 -6.11404
0.0705779 -6.11385
0.0706778 -6.11366
0.0707777 -6.11347
0.0708775 -6.11328
0.0709774 -6.11309
0.0710772 -6.1129
0.0711771 -6.11271
0.071277 -6.11251
0.0713768 -6.11232
0.0714767 -6.11213
0.0715766 -6.11194
0.0716764 -6.11175
0.0717763 -6.11156
0.0718762 -6.11137
0.071976 -6.11118
0.0720759 -6.11099
0.0721757 -6.1108
0.0722756 -6.11061
0.0723755 -6.11042
0.0724753 -6.11023
0.0725752 -6.11004
0.0726751 -6.10984
0.0727749 -6.10965
0.0728748 -6.10946
0.0729747 -6.10927
0.0730745 -6.10908
0.0731744 -6.10889
0.0732742 -6.1087
0.0733741 -6.10851
0.073474 -6.10832
0.0735738 -6.10813
0.0736737 -6.10794
0.0737736 -6.10775
0.0738734 -6.10756
0.0739733 -6.10737
0.0740732 -6.10718
0.074173 -6.10699
0.0742729 -6.10679
0.0743727 -6.1066
0.0744726 -6.10641
0.0745725 -6.10622
0.0746723 -6.10603
0.0747722 -6.10584
0.0748721 -6.10565
0.0749719 -6.10546
0.0750718 -6.10527
0.0751717 -6.10508
0.0752715 -6.10489
0.0753714 -6.1047
0.0754712 -6.10451
0.0755711 -6.10432
0.075671 -6.10413
0.0757708 -6.10394
0.0758707 -6.10375
0.0759706 -6.10356
0.0760704 -640.558
0.0761703 -668.914
0.0762702 -697.077
0.07637 -725.042
0.0764699 -752.807
0.0765698 -780.366
0.0766696 -807.717
0.0767695 -834.856
0.0768693 -861.779
0.0769692 -888.483
0.0770691 -914.965
0.0771689 -941.221
0.0772688 -967.247
0.0773687 -993.04
0.0774685 -1018.6
0.0775684 -1043.92
0.0776683 -1068.99
0.0777681 -1093.82
0.077868 -1118.4
0.0779678 -1142.73
0.0780677 -1166.81
0.0781676 -1190.62
0.0782674 -1214.18
0.0783673 -1237.47
0.0784672 -1260.5
0.078567 -1283.26
0.0786669 -1305.74
0.0787668 -1327.95
0.0788666 -1349.89
0.0789665 -1371.54
0.0790663 -1392.92
0.0791662 -1414.01
0.0792661 -1434.81
0.0793659 -1455.32
0.0794658 -1475.54
0.0795657 -1495.47
0.0796655 -1515.1
0.0797654 -1534.44
0.0798653 -1553.47
0.0799651 -1572.2
0.080065 -1590.63
0.0801648 -1608.75
0.0802647 -1626.57
0.0803646 -1644.07
0.0804644 -1661.26
0.0805643 -1678.15
0.0806642 -1694.71
0.080764 -1710.96
0.0808639 -1726.89
0.0809638 -1742.5
0.0810636 -1757.79
0.0811635 -1772.76
0.0812633 -1787.41
0.0813632 -1801.73
0.0814631 -1815.73
0.0815629 -1829.39
0.0816628 -1842.73
0.0817627 -1855.74
0.0818625 -1868.42
0.0819624 -1880.77
0.0820623 -1892.79
0.0821621 -1904.48
0.082262 -1915.83
0.0823618 -1926.84
0.0824617 -1937.53
0.0825616 -1947.87
0.0826614 -1957.88
0.0827613 -1967.56
0.0828612 -1976.89
0.0829609 -1985.89
0.0830606 -1994.54
0.0831603 -2002.85
0.08326 -2010.82
0.0833597 -2018.46
0.0834594 -2025.76
0.0835591 -2032.72
0.0836588 -2039.34
0.0837585 -2045.63
0.0838582 -2051.57
0.0839579 -2057.18
0.0840576 -2062.46
0.0841573 -2067.39
0.084257 -2071.99
0.0843567 -2076.26
0.0844564 -2080.19
0.0845561 -2083.78
0.0846558 -2087.04
0.0847555 -2089.96
0.0848552 -2092.55
0.0849549 -2094.8
0.0850546 -2096.73
0.0851543 -2098.32
0.085254 -2099.58
0.0853537 -2100.51
0.0854534 -2101.11
0.0855531 -2101.38
0.0856528 -2101.33
0.0857525 -2100.95
0.0858522 -2100.24
0.0859519 -2099.22
0.0860516 -2097.86
0.0861513 -2096.19
0.086251 -2094.2
0.0863508 -2091.88
0.0864505 -2089.25
0.0865502 -2086.3
0.0866499 -2083.04
0.0867496 -2079.47
0.0868493 -2075.58
0.086949 -2071.38
0.0870487 -2066.88
0.0871484 -2062.07
0.0872481 -2056.95
0.0873478 -2051.53
0.0874475 -2045.81
0.0875472 -2039.78
0.0876469 -2033.46
0.0877466 -2025.29
0.0878463 -2018.38
0.087946 -2011.19
0.0880457 -2003.7
0.0881454 -1995.93
0.0882451 -1987.87
0.0883448 -1979.52
0.0884445 -1970.9
0.0885442 -1962
0.0886439 -1952.82
0.0887436 -1943.36
0.0888433 -1933.64
0.088943 -1923.64
0.0890427 -1913.38
0.0891424 -1902.85
0.0892421 -1892.06
0.0893418 -1881.01
0.0894415 -1869.7
0.0895412 -1858.14
0.0896409 -1846.32
0.0897406 -1834.26
0.0898403 -1821.94
0.08994 -1809.39
0.0900397 -1796.59
0.0901394 -1783.56
0.0902391 -1770.28
0.0903388 -1756.78
0.0904386 -1743.04
0.0905383 -1729.08
0.090638 -1714.89
0.0907377 -1700.48
0.0908374 -1685.85
0.0909371 -1671.01
0.0910368 -1655.95
0.0911365 -1640.69
0.0912362 -1625.21
0.0913359 -1609.54
0.0914356 -1593.66
0.0915353 -1577.58
0.091635 -1561.31
0.0917347 -1544.85
0.0918344 -1528.2
0.0919341 -1511.37
0.0920338 -1494.35
0.0921335 -1477.16
0.0922332 -1459.79
0.0923329 -1442.24
0.0924326 -1424.53
0.0925323 -1406.66
0.092632 -1388.62
0.0927317 -1370.42
0.0928314 -1352.07
0.0929311 -1333.56
0.0930308 -1314.91
0.0931305 -1296.11
0.0932302 -1277.17
0.0933299 -1258.09
0.0934296 -1238.87
0.0935293 -1219.52
0.093629 -1200.04
0.0937287 -1180.44
0.0938284 -1160.72
0.0939281 -1140.88
0.0940278 -1120.92
0.0941275 -1100.85
0.0942272 -1080.68
0.0943269 -1060.4
0.0944266 -1040.02
0.0945264 -1019.54
0.0946261 -998.968
0.0947258 -978.305
0.0948255 -957.556
0.0949252 -936.723
0.0950249 -915.81
0.0951246 -894.821
0.0952243 -873.759
0.095324 -852.627
0.0954237 -831.43
0.0955234 -810.17
0.0956231 -788.851
0.0957228 -767.477
0.0958225 -746.05
0.0959222 -724.576
0.0960219 -703.056
0.0961216 -681.495
0.0962213 -659.896
0.096321 -638.262
0.0964207 -616.597
0.0965204 -594.905
0.0966201 -573.188
0.0967198 -551.451
0.0968195 -529.697
0.0969192 -507.929
0.0970189 -486.15
0.0971186 -464.364
0.0972183 -442.575
0.097318 -420.786
0.0974177 -399
0.0975174 -377.22
0.0976171 -355.451
0.0977168 -333.694
0.0978165 -311.955
0.0979162 -290.235
0.0980159 -268.539
0.0981156 -246.869
0.0982153 -225.229
0.098315 -203.622
0.0984147 -182.051
0.0985144 -160.52
0.0986141 -139.032
0.0987139 -117.59
0.0988136 -96.1972
0.0989133 -74.8567
0.099013 -53.5717
0.0991127 -32.3454
0.0992124 -11.1809
0.0993121 9.91881
0.0994119 30.9505
0.0995117 51.9372
0.0996115 72.8497
0.0997114 93.685
0.0998112 114.44
0.099911 135.112
0.100011 155.697
0.100111 176.194
0.10021 196.599
0.10031 216.908
0.10041 237.12
0.10051 257.231
0.10061 277.239
0.10071 297.141
0.100809 316.933
0.100909 336.614
0.101009 356.181
0.101109 375.63
0.101209 394.96
0.101309 414.167
0.101408 4.08455
0.101508 4.08442
0.101608 4.08429
0.101708 4.08416
0.101808 4.08404
0.101908 4.08391
0.102007 4.08378
0.102107 4.08365
0.102207 4.08353
0.102307 4.0834
0.102407 4.08327
0.102506 4.08314
0.102606 4.08302
0.102706 4.08289
0.102806 4.08276
0.102906 4.08264
0.103006 4.08251
0.103105 4.08238
0.103205 4.08225
0.103305 4.08213
0.103405 4.082
0.103505 4.08187
0.103605 4.08174
0.103704 4.08162
0.103804 4.08149
0.103904 4.08136
0.104004 4.08123
0.104104 4.08111
0.104204 4.08098
0.104303 4.08085
0.104403 4.08073
0.104503 4.0806
0.104603 4.08047
0.104703 4.08034
0.104802 4.08022
0.104902 4.08009
0.105002 4.07996
0.105102 4.07983
0.105202 4.07971
0.105302 4.07958
0.105401 4.07945
0.105501 4.07933
0.105601 4.0792
0.105701 4.07907
0.105801 4.07894
0.105901 4.07882
0.106 4.07869
0.1061 4.07856
0.1062 4.07843
0.1063 4.07831
0.1064 4.07818
0.1065 4.07805
0.106599 4.07793
0.106699 4.0778
0.106799 4.07767
0.106899 4.07754
0.106999 4.07742
0.107098 4.07729
0.107198 4.07716
0.107298 4.07704
0.107398 4.07691
0.107498 4.07678
0.107598 4.07665
0.107697 4.07653
0.107797 4.0764
0.107897 4.07627
0.107997 4.07614
0.108097 4.07602
0.108197 4.07589
0.108296 4.07576
0.108396 4.07564
0.108496 4.07551
0.108596 4.07538
0.108696 4.07525
0.108796 4.07513
0.108895 4.075
0.108995 4.07487
0.109095 4.07475
0.109195 4.07462
0.109295 4.07449
0.109394 4.07437
0.109494 4.07424
0.109594 4.07411
0.109694 4.07398
0.109794 4.07386
0.109894 4.07373
0.109993 4.0736
0.110093 4.07348
0.110193 4.07335
0.110293 4.07322
0.110393 4.07309
0.110493 4.07297
0.110592 4.07284
0.110692 4.07271
0.110792 4.07259
0.110892 4.07246
0.110992 4.07233
0.111092 4.0722
0.111191 4.07208
0.111291 4.07195
0.111391 4.07182
0.111491 4.0717
0.111591 4.07157
0.11169 4.07144
0.11179 4.07132
0.11189 4.07119
0.11199 4.07106
0.11209 4.07093
0.11219 4.07081
0.112289 4.07068
0.112389 4.07055
0.112489 4.07043
0.112589 4.0703
0.112689 4.07017
0.112789 4.07005
0.112888 4.06992
0.112988 4.06979
0.113088 4.06967
0.113188 4.06954
0.113288 4.06941
0.113388 4.06928
0.113487 4.06916
0.113587 4.06903
0.113687 4.0689
0.113787 4.06878
0.113887 4.06865
0.113986 4.06852
0.114086 4.0684
0.114186 4.06827
0.114286 4.06814
0.114386 4.06801
0.114486 4.06789
0.114585 4.06776
0.114685 4.06763
0.114785 4.06751
0.114885 4.06738
0.114985 4.06725
0.115085 4.06713
0.115184 4.067
0.115284 4.06687
0.115384 4.06675
0.115484 4.06662
0.115584 4.06649
0.115684 4.06637
0.115783 4.06624
0.115883 4.06611
0.115983 4.06598
0.116082 4.06586
0.116182 4.06573
0.116281 4.06561
0.116381 4.06548
0.116481 4.06535
0.11658 4.06523
0.11668 4.0651
0.116779 4.06497
0.116879 4.06485
0.116978 4.06472
0.117078 4.06459
0.117177 4.06447
0.117277 4.06434
0.117377 4.06421
0.117476 4.06409
0.117576 4.06396
0.117675 4.06383
0.117775 4.06371
0.117874 4.06358
0.117974 4.06346
0.118073 4.06333
0.118173 4.0632
0.118273 4.06308
0.118372 4.06295
0.118472 4.06282
0.118571 4.0627
0.118671 4.06257
0.11877 4.06244
0.11887 4.06232
0.11897 4.06219
0.119069 4.06207
0.119169 4.06194
0.119268 4.06181
0.119368 4.06169
0.119467 4.06156
0.119567 4.06143
0.119666 4.06131
0.119766 4.06118
0.119866 4.06105
0.119965 4.06093
0.120065 4.0608
0.120164 4.06068
0.120264 4.06055
0.120363 4.06042
0.120463 4.0603
0.120562 4.06017
0.120662 4.06004
0.120762 4.05992
0.120861 4.05979
0.120961 4.05966
0.12106 4.05954
0.12116 4.05941
0.121259 4.05929
0.121359 4.05916
0.121458 4.05903
0.121558 4.05891
0.121658 4.05878
0.121757 4.05865
0.121857 4.05853
0.121956 4.0584
0.122056 4.05828
0.122155 4.05815
0.122255 4.05802
0.122355 4.0579
0.122454 4.05777
0.122554 4.05764
0.122653 4.05752
0.122753 4.05739
0.122852 4.05727
0.122952 4.05714
0.123051 4.05701
0.123151 4.05689
0.123251 4.05676
0.12335 4.05663
0.12345 4.05651
0.123549 4.05638
0.123649 4.05626
0.123748 4.05613
0.123848 4.056
0.123947 4.05588
0.124047 4.05575
0.124147 4.05562
0.124246 4.0555
0.124346 4.05537
0.124445 4.05525
0.124545 4.05512
0.124644 4.05499
0.124744 4.05487
0.124844 4.05474
0.124943 4.05462
0.125043 4.05449
0.125142 4.05436
0.125242 4.05424
0.125341 4.05411
0.125441 4.05398
0.12554 4.05386
0.12564 4.05373
0.12574 4.05361
0.125839 4.05348
0.125939 4.05335
0.126038 4.05323
0.126138 4.0531
0.126237 4.05298
0.126337 4.05285
0.126436 4.05272
0.126536 4.0526
0.126636 4.05247
0.126735 4.05235
0.126835 4.05222
0.126934 4.05209
0.127034 4.05197
0.127133 4.05184
0.127233 4.05172
0.127333 4.05159
0.127432 4.05146
0.127532 4.05134
0.127631 4.05121
0.127731 4.05108
0.12783 4.05096
0.12793 4.05083
0.128029 4.05071
0.128129 4.05058
0.128229 4.05045
0.128328 4.05033
0.128428 4.0502
0.128527 4.05008
0.128627 4.04995
0.128726 4.04982
0.128826 4.0497
0.128925 4.04957
0.129025 4.04945
0.129125 4.04932
0.129224 4.04919
0.129324 4.04907
0.129423 4.04894
0.129523 4.04882
0.129622 4.04869
0.129722 4.04856
0.129821 4.04844
0.129921 4.04831
0.130021 4.04819
0.13012 4.04806
0.13022 4.04793
0.130319 4.04781
0.130419 4.04768
0.130518 4.04756
0.130618 4.04743
0.130718 4.04731
0.130817 4.04718
0.130917 4.04705
0.131016 4.04693
0.131116 4.0468
0.131215 4.04668
0.131315 4.04655
0.131414 4.04642
0.131514 4.0463
0.131614 4.04617
0.131713 4.04605
0.131813 4.04592
0.131912 4.04579
0.132012 4.04567
0.132111 4.04554
0.132211 4.04542
0.13231 4.04529
0.13241 4.04517
0.13251 4.04504
0.132609 4.04491
0.132709 4.04479
0.132808 4.04466
0.132908 4.04454
0.133007 4.04441
0.133107 4.04428
0.133207 4.04416
0.133306 4.04403
0.133405 4.04391
0.133505 4.04378
0.133604 4.04366
0.133704 4.04353
0.133803 4.0434
0.133902 4.04328
0.134002 4.04315
0.134101 4.04303
0.134201 4.0429
0.1343 4.04278
0.134399 4.04265
0.134499 4.04253
0.134598 4.0424
0.134697 4.04227
0.134797 4.04215
0.134896 4.04202
0.134996 4.0419
0.135095 4.04177
0.135194 4.04165
0.135294 4.04152
0.135393 4.0414
0.135492 4.04127
0.135592 4.04114
0.135691 4.04102
0.135791 4.04089
0.13589 4.04077
0.135989 4.04064
0.136089 4.04052
0.136188 4.04039
0.136288 4.04027
0.136387 4.04014
0.136486 4.04002
0.136586 4.03989
0.136685 4.03976
0.136784 4.03964
0.136884 4.03951
0.136983 4.03939
0.137083 4.03926
0.137182 4.03914
0.137281 4.03901
0.137381 4.03889
0.13748 4.03876
0.137579 4.03864
0.137679 4.03851
0.137778 4.03838
0.137878 4.03826
0.137977 4.03813
0.138076 4.03801
0.138176 4.03788
0.138275 4.03776
0.138375 4.03763
0.138474 4.03751
0.138573 4.03738
0.138673 4.03726
0.138772 4.03713
0.138871 4.03701
0.138971 4.03688
0.13907 4.03675
0.13917 4.03663
0.139269 4.0365
0.139368 4.03638
0.139468 4.03625
0.139567 4.03613
0.139667 4.036
0.139766 4.03588
0.139865 4.03575
0.139965 4.03563
0.140064 4.0355
0.140163 4.03538
0.140263 4.03525
0.140362 4.03512
0.140462 4.035
0.140561 4.03487
0.14066 4.03475
0.14076 4.03462
0.140859 4.0345
0.140958 4.03437
0.141058 4.03425
0.141157 4.03412
0.141257 4.034
0.141356 4.03387
0.141455 4.03375
0.141555 4.03362
0.141654 4.0335
0.141754 4.03337
0.141853 4.03325
0.141952 4.03312
0.142052 4.03299
0.142151 4.03287
0.14225 4.03274
0.14235 4.03262
0.142449 4.03249
0.142549 4.03237
0.142648 4.03224
0.142747 4.03212
0.142847 4.03199
0.142946 4.03187
0.143046 4.03174
0.143145 4.03162
0.143244 4.03149
0.143344 4.03137
0.143443 4.03124
0.143542 4.03112
0.143642 4.03099
0.143741 4.03087
0.143841 4.03074
0.14394 4.03062
0.144039 4.03049
0.144139 4.03037
0.144238 4.03024
0.144337 4.03012
0.144437 4.02999
0.144536 4.02986
0.144636 4.02974
0.144735 4.02961
0.144834 4.02949
0.144934 4.02936
0.145033 4.02924
0.145133 4.02911
0.145232 4.02899
0.145331 4.02886
0.145431 4.02874
0.14553 4.02861
0.145629 4.02849
0.145729 4.02836
0.145828 4.02824
0.145928 4.02811
0.146027 4.02799
0.146126 4.02786
0.146226 4.02774
0.146325 4.02761
0.146425 4.02749
0.146524 4.02736
0.146623 4.02724
0.146723 4.02711
0.146822 4.02699
0.146921 4.02686
0.147021 4.02674
0.14712 4.02661
0.14722 4.02649
0.147319 4.02636
0.147418 4.02624
0.147518 4.02611
0.147617 4.02599
0.147716 4.02586
0.147816 4.02574
0.147915 4.02561
0.148015 4.02549
0.148114 4.02536
0.148213 4.02524
0.148313 4.02511
0.148412 4.02499
0.148512 4.02486
0.148611 4.02474
0.14871 4.02461
0.14881 4.02449
0.148909 4.02436
0.149009 4.02424
0.149109 4.02411
0.149208 4.02399
0.149308 4.02386
0.149408 4.02374
0.149507 4.02361
0.149607 4.02348
0.149707 4.02336
0.149807 4.02323
0.149906 4.02311
0.150006 4.02298
0.150106 4.02286
0.150205 4.02273
0.150305 4.02261
0.150405 4.02248
0.150505 4.02236
0.150604 4.02223
0.150704 4.02211
0.150804 4.02198
0.150903 4.02185
0.151003 4.02173
0.151103 4.0216
0.151203 4.02148
0.151302 4.02135
0.151402 4.02123
0.151502 4.0211
0.151601 4.02098
0.151701 4.02085
0.151801 4.02073
0.151901 4.0206
0.152 4.02048
0.1521 4.02035
0.1522 4.02023
0.1523 4.0201
0.152399 4.01998
0.152499 4.01985
0.152599 4.01972
0.152698 4.0196
0.152798 4.01947
0.152898 4.01935
0.152998 4.01922
0.153097 4.0191
0.153197 4.01897
0.153297 4.01885
0.153396 4.01872
0.153496 4.0186
0.153596 4.01847
0.153696 4.01835
0.153795 4.01822
0.153895 4.0181
0.153995 4.01797
0.154094 4.01785
0.154194 4.01772
0.154294 4.0176
0.154394 4.01747
0.154493 4.01735
0.154593 4.01722
0.154693 4.01709
0.154793 4.01697
0.154892 4.01684
0.154992 4.01672
0.155092 4.01659
0.155191 4.01647
0.155291 4.01634
0.155391 4.01622
0.155491 4.01609
0.15559 4.01597
0.15569 4.01584
0.15579 4.01572
0.155889 4.01559
0.155989 4.01547
0.156089 4.01534
0.156189 4.01522
0.156288 4.01509
0.156388 4.01497
0.156488 4.01484
0.156587 4.01472
0.156687 4.01459
0.156787 4.01447
0.156887 4.01434
0.156986 4.01422
0.157086 4.01409
0.157186 4.01397
0.157286 4.01384
0.157385 4.01372
0.157485 4.01359
0.157585 4.01347
0.157684 4.01334
0.157784 4.01322
0.157884 4.01309
0.157984 4.01297
0.158083 4.01284
0.158183 4.01272
0.158283 4.01259
0.158382 4.01247
0.158482 4.01234
0.158582 4.01222
0.158682 4.01209
0.158781 4.01197
0.158881 4.01184
0.158981 4.01172
0.15908 4.01159
0.15918 4.01147
0.15928 4.01134
0.15938 4.01122
0.159479 4.01109
0.159579 4.01097
0.159679 4.01084
0.159778 4.01072
0.159878 4.01059
0.159978 4.01047
0.160078 4.01034
0.160177 4.01022
0.160277 4.01009
0.160377 4.00997
0.160477 4.00984
0.160576 4.00972
0.160676 4.00959
0.160776 4.00947
0.160875 4.00934
0.160975 4.00922
0.161075 4.00909
0.161175 4.00897
0.161274 4.00884
0.161374 4.00872
0.161474 4.00859
0.161573 4.00847
0.161673 4.00834
0.161773 4.00822
0.161873 4.00809
0.161972 4.00797
0.162072 4.00784
0.162172 4.00772
0.162271 4.00759
0.162371 4.00747
0.162471 4.00734
0.162571 4.00722
0.16267 4.00709
0.16277 4.00697
0.16287 4.00684
0.16297 4.00672
0.163069 4.00659
0.163169 4.00647
0.163269 4.00634
0.163368 4.00622
0.163468 4.00609
0.163568 4.00597
0.163668 4.00584
0.163767 4.00572
0.163867 4.00559
0.163967 4.00547
0.164066 4.00534
0.164166 4.00522
0.164266 4.0051
0.164366 4.00497
0.164465 4.00485
0.164565 4.00472
0.164665 4.0046
0.164764 4.00447
0.164864 4.00435
0.164964 4.00422
0.165064 4.0041
0.165163 4.00397
0.165263 4.00385
0.165363 4.00372
0.165463 4.0036
0.165562 4.00347
0.165662 4.00335
0.165762 4.00322
0.165861 4.0031
0.16596 4.00297
0.16606 4.00285
0.166159 4.00273
0.166259 4.0026
0.166358 4.00248
0.166458 4.00235
0.166557 4.00223
0.166656 4.0021
0.166756 4.00198
0.166855 4.00186
0.166955 4.00173
0.167054 4.00161
0.167153 4.00148
0.167253 4.00136
0.167352 4.00123
0.167452 4.00111
0.167551 4.00099
0.167651 4.00086
0.16775 4.00074
0.167849 4.00061
0.167949 4.00049
0.168048 4.00036
0.168148 4.00024
0.168247 4.00012
0.168346 3.99999
0.168446 3.99987
0.168545 3.99974
0.168645 3.99962
0.168744 3.99949
0.168843 3.99937
0.168943 3.99925
0.169042 3.99912
0.169142 3.999
0.169241 3.99887
0.169341 3.99875
0.16944 3.99862
0.169539 3.9985
0.169639 3.99838
0.169738 3.99825
0.169838 3.99813
0.169937 3.998
0.170036 3.99788
0.170136 3.99775
0.170235 3.99763
0.170335 3.99751
0.170434 3.99738
0.170534 3.99726
0.170633 3.99713
0.170732 3.99701
0.170832 3.99689
0.170931 3.99676
0.171031 3.99664
0.17113 3.99651
0.171229 3.99639
0.171329 3.99626
0.171428 3.99614
0.171528 3.99602
0.171627 3.99589
0.171726 3.99577
0.171826 3.99564
0.171925 3.99552
0.172025 3.9954
0.172124 3.99527
0.172224 3.99515
0.172323 3.99502
0.172422 3.9949
0.172522 3.99477
0.172621 3.99465
0.172721 3.99453
0.17282 3.9944
0.172919 3.99428
0.173019 3.99415
0.173118 3.99403
0.173218 3.99391
0.173317 3.99378
0.173416 3.99366
0.173516 3.99353
0.173615 3.99341
0.173715 3.99329
0.173814 3.99316
0.173914 3.99304
0.174013 3.99291
0.174112 3.99279
0.174212 3.99267
0.174311 3.99254
0.174411 3.99242
0.17451 3.99229
0.174609 3.99217
0.174709 3.99205
0.174808 3.99192
0.174908 3.9918
0.175007 3.99167
0.175107 3.99155
0.175206 3.99143
0.175305 3.9913
0.175405 3.99118
0.175504 3.99105
0.175604 3.99093
0.175703 3.99081
0.175802 3.99068
0.175902 3.99056
0.176001 3.99043
0.176101 3.99031
0.1762 3.99019
0.176299 3.99006
0.176399 3.98994
0.176498 3.98981
0.176598 3.98969
0.176697 3.98957
0.176797 3.98944
0.176896 3.98932
0.176995 3.98919
0.177095 3.98907
0.177194 3.98895
0.177294 3.98882
0.177393 3.9887
0.177492 3.98857
0.177592 3.98845
0.177691 3.98833
0.177791 3.9882
0.17789 3.98808
0.17799 3.98795
0.178089 3.98783
0.178188 3.98771
0.178288 3.98758
0.178387 3.98746
0.178487 3.98734
0.178586 3.98721
0.178685 3.98709
0.178785 3.98696
0.178884 3.98684
0.178984 3.98672
0.179083 3.98659
0.179182 3.98647
0.179282 3.98634
0.179381 3.98622
0.179481 3.9861
0.17958 3.98597
0.17968 3.98585
0.179779 3.98573
0.179878 3.9856
0.179978 3.98548
0.180077 3.98535
0.180177 3.98523
0.180276 3.98511
0.180375 3.98498
0.180475 3.98486
0.180574 3.98473
0.180674 3.98461
0.180773 3.98449
0.180873 3.98436
0.180972 3.98424
0.181071 3.98412
0.181171 3.98399
0.18127 3.98387
0.18137 3.98374
0.181469 3.98362
0.181568 3.9835
0.181668 3.98337
0.181767 3.98325
0.181867 3.98313
0.181966 3.983
0.182065 3.98288
0.182165 3.98275
0.182265 3.98263
0.182365 3.98251
0.182465 3.98238
0.182565 3.98226
0.182665 3.98213
0.182764 3.98201
0.182864 3.98188
0.182964 3.98176
0.183064 3.98164
0.183164 3.98151
0.183264 3.98139
0.183364 3.98126
0.183463 3.98114
0.183563 3.98102
0.183663 3.98089
0.183763 3.98077
0.183863 3.98064
0.183963 3.98052
0.184063 3.98039
0.184162 3.98027
0.184262 3.98015
0.184362 3.98002
0.184462 3.9799
0.184562 3.97977
0.184662 3.97965
0.184762 3.97952
0.184862 3.9794
0.184961 3.97928
0.185061 3.97915
0.185161 3.97903
0.185261 3.9789
0.185361 3.97878
0.185461 3.97866
0.185561 3.97853
0.18566 3.97841
0.18576 3.97828
0.18586 3.97816
0.18596 3.97803
0.18606 3.97791
0.18616 3.97779
0.18626 3.97766
0.186359 3.97754
0.186459 3.97741
0.186559 3.97729
0.186659 3.97717
0.186759 3.97704
0.186859 3.97692
0.186959 3.97679
0.187058 3.97667
0.187158 3.97655
0.187258 3.97642
0.187358 3.9763
0.187458 3.97617
0.187558 3.97605
0.187658 3.97592
0.187757 3.9758
0.187857 3.97568
0.187957 3.97555
0.188057 3.97543
0.188157 3.9753
0.188257 3.97518
0.188357 3.97506
0.188456 3.97493
0.188556 3.97481
0.188656 3.97468
0.188756 3.97456
0.188856 3.97444
0.188956 3.97431
0.189056 3.97419
0.189155 3.97406
0.189255 3.97394
0.189355 3.97382
0.189455 3.97369
0.189555 3.97357
0.189655 3.97344
0.189755 3.97332
0.189854 3.9732
0.189954 3.97307
0.190054 3.97295
0.190154 3.97282
0.190254 3.9727
0.190354 3.97258
0.190454 3.97245
0.190553 3.97233
0.190653 3.9722
0.190753 3.97208
0.190853 3.97196
0.190953 3.97183
0.191053 3.97171
0.191153 3.97158
0.191252 3.97146
0.191352 3.97134
0.191452 3.97121
0.191552 3.97109
0.191652 3.97096
0.191752 3.97084
0.191852 3.97072
0.191951 3.97059
0.192051 3.97047
0.192151 3.97035
0.192251 3.97022
0.192351 3.9701
0.192451 3.96997
0.192551 3.96985
0.19265 3.96973
0.19275 3.9696
0.19285 3.96948
0.19295 3.96935
0.19305 3.96923
0.19315 3.96911
0.19325 3.96898
0.193349 3.96886
0.193449 3.96873
0.193549 3.96861
0.193649 3.96849
0.193749 3.96836
0.193849 3.96824
0.193949 3.96812
0.194049 3.96799
0.194148 3.96787
0.194248 3.96774
0.194348 3.96762
0.194448 3.9675
0.194548 3.96737
0.194648 3.96725
0.194748 3.96713
0.194847 3.967
0.194947 3.96688
0.195047 3.96675
0.195147 3.96663
0.195247 3.96651
0.195347 3.96638
0.195447 3.96626
0.195546 3.96613
0.195646 3.96601
0.195746 3.96589
0.195846 3.96576
0.195946 3.96564
0.196046 3.96552
0.196146 3.96539
0.196245 3.96527
0.196345 3.96514
0.196445 3.96502
0.196545 3.9649
0.196645 3.96477
0.196745 3.96465
0.196845 3.96453
0.196944 3.9644
0.197044 3.96428
0.197144 3.96416
0.197244 3.96403
0.197344 3.96391
0.197444 3.96378
0.197544 3.96366
0.197643 3.96354
0.197743 3.96341
0.197843 3.96329
0.197943 3.96317
0.198043 3.96304
0.198143 3.96292
0.198243 3.96279
0.198342 3.96267
0.198442 3.96255
0.198542 3.96242
0.198642 3.9623
0.198742 3.96218
0.198842 3.96205
0.198942 3.96193
0.199041 3.96181
0.199141 3.96168
0.199241 3.96156
0.199341 3.96143
0.199441 3.96131
0.199541 3.96119
0.199641 3.96106
0.19974 3.96094
0.19984 3.96082
0.19994 3.96069
0.20004 3.96057
0.200139 3.96045
0.200239 3.96032
0.200338 3.9602
0.200438 3.96008
0.200537 3.95995
0.200637 3.95983
0.200736 3.95971
0.200836 3.95958
0.200935 3.95946
0.201035 3.95934
0.201134 3.95921
0.201234 3.95909
0.201333 3.95897
0.201433 3.95885
0.201532 3.95872
0.201632 3.9586
0.201732 3.95848
0.201831 3.95835
0.201931 3.95823
0.20203 3.95811
0.20213 3.95798
0.202229 3.95786
0.202329 3.95774
0.202428 3.95761
0.202528 3.95749
0.202627 3.95737
0.202727 3.95724
0.202826 3.95712
0.202926 3.957
0.203025 3.95688
0.203125 3.95675
0.203224 3.95663
0.203324 3.95651
0.203423 3.95638
0.203523 3.95626
0.203622 3.95614
0.203722 3.95601
0.203821 3.95589
0.203921 3.95577
0.204021 3.95565
0.20412 3.95552
0.20422 3.9554
0.204319 3.95528
0.204419 3.95515
0.204518 3.95503
0.204618 3.95491
0.204717 3.95478
0.204817 3.95466
0.204916 3.95454
0.205016 3.95442
0.205115 3.95429
0.205215 3.95417
0.205314 3.95405
0.205414 3.95392
0.205513 3.9538
0.205613 3.95368
0.205712 3.95355
0.205812 3.95343
0.205911 3.95331
0.206011 3.95319
0.20611 3.95306
0.20621 3.95294
0.206309 3.95282
0.206409 3.95269
0.206509 3.95257
0.206608 3.95245
0.206708 3.95233
0.206807 3.9522
0.206907 3.95208
0.207006 3.95196
0.207106 3.95183
0.207205 3.95171
0.207305 3.95159
0.207404 3.95146
0.207504 3.95134
0.207603 3.95122
0.207703 3.9511
0.207802 3.95097
0.207902 3.95085
0.208001 3.95073
0.208101 3.9506
0.2082 3.95048
0.2083 3.95036
0.208399 3.95024
0.208499 3.95011
0.208598 3.94999
0.208698 3.94987
0.208798 3.94974
0.208897 3.94962
0.208997 3.9495
0.209096 3.94938
0.209196 3.94925
0.209295 3.94913
0.209395 3.94901
0.209494 3.94888
0.209594 3.94876
0.209693 3.94864
0.209793 3.94852
0.209892 3.94839
0.209992 3.94827
0.210091 3.94815
0.210191 3.94803
0.21029 3.9479
0.21039 3.94778
0.210489 3.94766
0.210589 3.94753
0.210688 3.94741
0.210788 3.94729
0.210887 3.94717
0.210987 3.94704
0.211086 3.94692
0.211186 3.9468
0.211286 3.94667
0.211385 3.94655
0.211485 3.94643
0.211584 3.94631
0.211684 3.94618
0.211783 3.94606
0.211883 3.94594
0.211982 3.94582
0.212082 3.94569
0.212181 3.94557
0.212281 3.94545
0.21238 3.94532
0.21248 3.9452
0.212579 3.94508
0.212679 3.94496
0.212778 3.94483
0.212878 3.94471
0.212977 3.94459
0.213077 3.94447
0.213176 3.94434
0.213276 3.94422
0.213375 3.9441
0.213475 3.94398
0.213574 3.94385
0.213674 3.94373
0.213774 3.94361
0.213873 3.94348
0.213973 3.94336
0.214072 3.94324
0.214172 3.94312
0.214271 3.94299
0.214371 3.94287
0.21447 3.94275
0.21457 3.94263
0.214669 3.9425
0.214769 3.94238
0.214868 3.94226
0.214968 3.94214
0.215067 3.94201
0.215167 3.94189
0.215266 3.94177
0.215366 3.94165
0.215465 3.94152
0.215565 3.9414
0.215664 3.94128
0.215764 3.94116
0.215863 3.94103
0.215963 3.94091
0.216063 3.94079
0.216162 3.94066
0.216262 3.94054
0.216361 3.94042
0.216461 3.9403
0.21656 3.94017
0.21666 3.94005
0.216759 3.93993
0.216859 3.93981
0.216958 3.93968
0.217058 3.93956
0.217157 3.93944
0.217257 3.93932
0.217356 3.93919
0.217456 3.93907
0.217555 3.93895
0.217655 3.93883
0.217754 3.9387
0.217854 3.93858
0.217953 3.93846
0.218053 3.93834
0.218152 3.93821
0.218252 3.93809
0.218351 3.93797
0.218451 3.93785
0.218551 3.93772
0.21865 3.9376
0.21875 3.93748
0.218849 3.93736
0.218949 3.93723
0.219048 3.93711
0.219148 3.93699
0.219247 3.93687
0.219347 3.93675
0.219446 3.93662
0.219546 3.9365
0.219645 3.93638
0.219745 3.93626
0.219844 3.93613
0.219944 3.93601
0.220043 3.93589
0.220143 3.93577
0.220242 3.93564
0.220342 3.93552
0.220441 3.9354
0.220541 3.93528
0.22064 3.93515
0.22074 3.93503
0.220839 3.93491
0.220939 3.93479
0.221039 3.93466
0.221138 3.93454
0.221238 3.93442
0.221337 3.9343
0.221437 3.93417
0.221536 3.93405
0.221636 3.93393
0.221735 3.93381
0.221835 3.93369
0.221934 3.93356
0.222034 3.93344
0.222133 3.93332
0.222233 3.9332
0.222332 3.93307
0.222432 3.93295
0.222531 3.93283
0.222631 3.93271
0.22273 3.93258
0.22283 3.93246
0.222929 3.93234
0.223029 3.93222
0.223128 3.9321
0.223228 3.93197
0.223327 3.93185
0.223427 3.93173
0.223527 3.93161
0.223626 3.93148
0.223726 3.93136
0.223825 3.93124
0.223925 3.93112
0.224024 3.93099
0.224124 3.93087
0.224223 3.93075
0.224323 3.93063
0.224422 3.93051
0.224522 3.93038
0.224621 3.93026
0.224721 3.93014
0.22482 3.93002
0.22492 3.92989
0.225019 3.92977
0.225119 3.92965
0.225218 3.92953
0.225318 3.92941
0.225417 3.92928
0.225517 3.92916
0.225616 3.92904
0.225716 3.92892
0.225815 3.92879
0.225915 3.92867
0.226015 3.92855
0.226114 3.92843
0.226214 3.92831
0.226313 3.92818
0.226413 3.92806
0.226512 3.92794
0.226612 3.92782
0.226711 3.9277
0.226811 3.92757
0.22691 3.92745
0.22701 3.92733
0.227109 3.92721
0.227209 3.92708
0.227308 3.92696
0.227408 3.92684
0.227507 3.92672
0.227607 3.9266
0.227706 3.92647
0.227806 3.92635
0.227905 3.92623
0.228005 3.92611
0.228104 3.92599
0.228204 3.92586
0.228303 3.92574
0.228403 3.92562
0.228503 3.9255
0.228602 3.92538
0.228702 3.92525
0.228801 3.92513
0.228901 3.92501
0.229 3.92489
0.2291 3.92476
0.229199 3.92464
0.229299 3.92452
0.229398 3.9244
0.229498 3.92428
0.229597 3.92415
0.229697 3.92403
0.229796 3.92391
0.229896 3.92379
0.229995 3.92367
0.230095 3.92354
0.230194 3.92342
0.230294 3.9233
0.230393 3.92318
0.230493 3.92306
0.230592 3.92293
0.230692 3.92281
0.230792 3.92269
0.230891 3.92257
0.230991 3.92245
0.23109 3.92232
0.23119 3.9222
0.231289 3.92208
0.231389 3.92196
0.231488 3.92184
0.231588 3.92171
0.231687 3.92159
0.231787 3.92147
0.231886 3.92135
0.231986 3.92123
0.232085 3.9211
0.232185 3.92098
0.232284 3.92086
0.232384 3.92074
0.232483 3.92062
0.232583 3.92049
0.232682 3.92037
0.232782 3.92025
0.232881 3.92013
0.232981 3.92001
0.23308 3.91989
0.23318 3.91976
0.233279 3.91964
0.233379 3.91952
0.233478 3.9194
0.233578 3.91928
0.233677 3.91915
0.233777 3.91903
0.233876 3.91891
0.233976 3.91879
0.234075 3.91867
0.234175 3.91855
0.234274 3.91842
0.234373 3.9183
0.234473 3.91818
0.234572 3.91806
0.234672 3.91794
0.234771 3.91781
0.234871 3.91769
0.23497 3.91757
0.23507 3.91745
0.235169 3.91733
0.235269 3.91721
0.235368 3.91708
0.235468 3.91696
0.235567 3.91684
0.235667 3.91672
0.235766 3.9166
0.235865 3.91648
0.235965 3.91635
0.236064 3.91623
0.236164 3.91611
0.236263 3.91599
0.236363 3.91587
0.236462 3.91574
0.236562 3.91562
0.236661 3.9155
0.236761 3.91538
0.23686 3.91526
0.23696 3.91514
0.237059 3.91501
0.237158 3.91489
0.237258 3.91477
0.237357 3.91465
0.237457 3.91453
0.237556 3.91441
0.237656 3.91428
0.237755 3.91416
0.237855 3.91404
0.237954 3.91392
0.238054 3.9138
0.238153 3.91368
0.238253 3.91355
0.238352 3.91343
0.238451 3.91331
0.238551 3.91319
0.23865 3.91307
0.23875 3.91295
0.238849 3.91282
0.238949 3.9127
0.239048 3.91258
0.239148 3.91246
0.239247 3.91234
0.239347 3.91222
0.239446 3.9121
0.239546 3.91197
0.239645 3.91185
0.239744 3.91173
0.239844 3.91161
0.239943 3.91149
0.240043 3.91137
0.240142 3.91124
0.240242 3.91112
0.240341 3.911
0.240441 3.91088
0.24054 3.91076
0.24064 3.91064
0.240739 3.91051
0.240839 3.91039
0.240938 3.91027
0.241038 3.91015
0.241137 3.91003
0.241236 3.90991
0.241336 3.90979
0.241435 3.90966
0.241535 3.90954
0.241634 3.90942
0.241734 3.9093
0.241833 3.90918
0.241933 3.90906
0.242032 3.90893
0.242132 3.90881
0.242231 3.90869
0.242331 3.90857
0.24243 3.90845
0.242529 3.90833
0.242629 3.90821
0.242728 3.90808
0.242828 3.90796
0.242927 3.90784
0.243027 3.90772
0.243126 3.9076
0.243226 3.90748
0.243325 3.90736
0.243425 3.90723
0.243524 3.90711
0.243624 3.90699
0.243723 3.90687
0.243822 3.90675
0.243922 3.90663
0.244021 3.90651
0.244121 3.90638
0.24422 3.90626
0.24432 3.90614
0.244419 3.90602
0.244519 3.9059
0.244618 3.90578
0.244718 3.90566
0.244817 3.90553
0.244917 3.90541
0.245016 3.90529
0.245115 3.90517
0.245215 3.90505
0.245314 3.90493
0.245414 3.90481
0.245513 3.90468
0.245613 3.90456
0.245712 3.90444
0.245812 3.90432
0.245911 3.9042
0.246011 3.90408
0.24611 3.90396
0.24621 3.90384
0.246309 3.90371
0.246409 3.90359
0.246508 3.90347
0.246607 3.90335
0.246707 3.90323
0.246806 3.90311
0.246906 3.90299
0.247005 3.90286
0.247105 3.90274
0.247204 3.90262
0.247304 3.9025
0.247403 3.90238
0.247503 3.90226
0.247602 3.90214
0.247702 3.90202
0.247801 3.90189
0.2479 3.90177
0.248 3.90165
0.248099 3.90153
0.248199 3.90141
0.248298 3.90129
0.248398 3.90117
0.248497 3.90105
0.248597 3.90092
0.248696 3.9008
0.248796 3.90068
0.248895 3.90056
0.248995 3.90044
0.249094 3.90032
0.249193 3.9002
0.249293 3.90008
0.249392 3.89995
0.249492 3.89983
0.249592 3.89971
0.249691 3.89959
0.249791 3.89947
0.24989 3.89935
0.24999 3.89923
0.25009 3.8991
0.250189 3.89898
0.250289 3.89886
0.250389 3.89874
0.250488 3.89862
0.250588 3.8985
0.250687 3.89838
0.250787 3.89825
0.250887 3.89813
0.250986 3.89801
0.251086 3.89789
0.251186 3.89777
0.251285 3.89765
0.251385 3.89753
0.251485 3.89741
0.251584 3.89728
0.251684 3.89716
0.251783 3.89704
0.251883 3.89692
0.251983 3.8968
0.252082 3.89668
0.252182 3.89656
0.252282 3.89643
0.252381 3.89631
0.252481 3.89619
0.252581 3.89607
0.25268 3.89595
0.25278 3.89583
0.252879 3.89571
0.252979 3.89559
0.253079 3.89546
0.253178 3.89534
0.253278 3.89522
0.253378 3.8951
0.253477 3.89498
0.253577 3.89486
0.253677 3.89474
0.253776 3.89462
0.253876 3.89449
0.253975 3.89437
0.254075 3.89425
0.254175 3.89413
0.254274 3.89401
0.254374 3.89389
0.254474 3.89377
0.254573 3.89365
0.254673 3.89352
0.254772 3.8934
0.254872 3.89328
0.254972 3.89316
0.255071 3.89304
0.255171 3.89292
0.255271 3.8928
0.25537 3.89268
0.25547 3.89255
0.25557 3.89243
0.255669 3.89231
0.255769 3.89219
0.255868 3.89207
0.255968 3.89195
0.256068 3.89183
0.256167 3.89171
0.256267 3.89158
0.256367 3.89146
0.256466 3.89134
0.256566 3.89122
0.256666 3.8911
0.256765 3.89098
0.256865 3.89086
0.256964 3.89074
0.257064 3.89062
0.257164 3.89049
0.257263 3.89037
0.257363 3.89025
0.257463 3.89013
0.257562 3.89001
0.257662 3.88989
0.257762 3.88977
0.257861 3.88965
0.257961 3.88953
0.25806 3.8894
0.25816 3.88928
0.25826 3.88916
0.258359 3.88904
0.258459 3.88892
0.258559 3.8888
0.258658 3.88868
0.258758 3.88856
0.258857 3.88844
0.258957 3.88831
0.259057 3.88819
0.259156 3.88807
0.259256 3.88795
0.259356 3.88783
0.259455 3.88771
0.259555 3.88759
0.259655 3.88747
0.259754 3.88735
0.259854 3.88723
0.259953 3.8871
0.260053 3.88698
0.260153 3.88686
0.260252 3.88674
0.260352 3.88662
0.260452 3.8865
0.260551 3.88638
0.260651 3.88626
0.260751 3.88614
0.26085 3.88602
0.26095 3.88589
0.261049 3.88577
0.261149 3.88565
0.261249 3.88553
0.261348 3.88541
0.261448 3.88529
0.261548 3.88517
0.261647 3.88505
0.261747 3.88493
0.261847 3.88481
0.261946 3.88468
0.262046 3.88456
0.262145 3.88444
0.262245 3.88432
0.262345 3.8842
0.262444 3.88408
0.262544 3.88396
0.262644 3.88384
0.262743 3.88372
0.262843 3.8836
0.262942 3.88348
0.263042 3.88335
0.263142 3.88323
0.263241 3.88311
0.263341 3.88299
0.263441 3.88287
0.26354 3.88275
0.26364 3.88263
0.26374 3.88251
0.263839 3.88239
0.263939 3.88227
0.264038 3.88215
0.264138 3.88202
0.264238 3.8819
0.264337 3.88178
0.264437 3.88166
0.264537 3.88154
0.264636 3.88142
0.264736 3.8813
0.264836 3.88118
0.264935 3.88106
0.265035 3.88094
0.265134 3.88082
0.265234 3.88069
0.265334 3.88057
0.265433 3.88045
0.265533 3.88033
0.265632 3.88021
0.265732 3.88009
0.265831 3.87997
0.265931 3.87985
0.26603 3.87973
0.26613 3.87961
0.266229 3.87949
0.266328 3.87937
0.266428 3.87925
0.266527 3.87913
0.266627 3.87901
0.266726 3.87889
0.266825 3.87877
0.266925 3.87864
0.267024 3.87852
0.267124 3.8784
0.267223 3.87828
0.267323 3.87816
0.267422 3.87804
0.267521 3.87792
0.267621 3.8778
0.26772 3.87768
0.26782 3.87756
0.267919 3.87744
0.268019 3.87732
0.268118 3.8772
0.268217 3.87708
0.268317 3.87696
0.268416 3.87684
0.268516 3.87672
0.268615 3.8766
0.268714 3.87648
0.268814 3.87636
0.268913 3.87624
0.269013 3.87611
0.269112 3.87599
0.269212 3.87587
0.269311 3.87575
0.26941 3.87563
0.26951 3.87551
0.269609 3.87539
0.269709 3.87527
0.269808 3.87515
0.269908 3.87503
0.270007 3.87491
0.270106 3.87479
0.270206 3.87467
0.270305 3.87455
0.270405 3.87443
0.270504 3.87431
0.270604 3.87419
0.270703 3.87407
0.270802 3.87395
0.270902 3.87383
0.271001 3.87371
0.271101 3.87359
0.2712 3.87347
0.271299 3.87335
0.271399 3.87323
0.271498 3.87311
0.271598 3.87298
0.271697 3.87286
0.271797 3.87274
0.271896 3.87262
0.271995 3.8725
0.272095 3.87238
0.272194 3.87226
0.272294 3.87214
0.272393 3.87202
0.272493 3.8719
0.272592 3.87178
0.272691 3.87166
0.272791 3.87154
0.27289 3.87142
0.27299 3.8713
0.273089 3.87118
0.273189 3.87106
0.273288 3.87094
0.273387 3.87082
0.273487 3.8707
0.273586 3.87058
0.273686 3.87046
0.273785 3.87034
0.273884 3.87022
0.273984 3.8701
0.274083 3.86998
0.274183 3.86986
0.274282 3.86974
0.274382 3.86962
0.274481 3.8695
0.27458 3.86938
0.27468 3.86926
0.274779 3.86914
0.274879 3.86902
0.274978 3.8689
0.275078 3.86878
0.275177 3.86866
0.275276 3.86854
0.275376 3.86841
0.275475 3.86829
0.275575 3.86817
0.275674 3.86805
0.275774 3.86793
0.275873 3.86781
0.275972 3.86769
0.276072 3.86757
0.276171 3.86745
0.276271 3.86733
0.27637 3.86721
0.276469 3.86709
0.276569 3.86697
0.276668 3.86685
0.276768 3.86673
0.276867 3.86661
0.276967 3.86649
0.277066 3.86637
0.277165 3.86625
0.277265 3.86613
0.277364 3.86601
0.277464 3.86589
0.277563 3.86577
0.277663 3.86565
0.277762 3.86553
0.277861 3.86541
0.277961 3.86529
0.27806 3.86517
0.27816 3.86505
0.278259 3.86493
0.278359 3.86481
0.278458 3.86469
0.278557 3.86457
0.278657 3.86445
0.278756 3.86433
0.278856 3.86421
0.278955 3.86409
0.279054 3.86397
0.279154 3.86385
0.279253 3.86373
0.279353 3.86361
0.279452 3.86349
0.279552 3.86337
0.279651 3.86325
0.27975 3.86313
0.27985 3.86301
0.279949 3.86289
0.280049 3.86277
0.280148 3.86265
0.280248 3.86253
0.280347 3.86241
0.280446 3.86229
0.280546 3.86217
0.280645 3.86205
0.280745 3.86193
0.280844 3.86181
0.280944 3.86169
0.281043 3.86157
0.281142 3.86145
0.281242 3.86133
0.281341 3.86121
0.281441 3.86109
0.28154 3.86097
0.281639 3.86085
0.281739 3.86073
0.281838 3.86061
0.281938 3.86049
0.282037 3.86037
0.282137 3.86025
0.282237 3.86013
0.282337 3.86001
0.282437 3.85989
0.282537 3.85977
0.282637 3.85965
0.282737 3.85953
0.282837 3.85941
0.282937 3.85929
0.283037 3.85917
0.283137 3.85904
0.283237 3.85892
0.283337 3.8588
0.283437 3.85868
0.283537 3.85856
0.283637 3.85844
0.283737 3.85832
0.283837 3.8582
0.283937 3.85808
0.284037 3.85796
0.284137 3.85784
0.284237 3.85772
0.284337 3.8576
0.284437 3.85748
0.284537 3.85736
0.284636 3.85724
0.284736 3.85712
0.284836 3.857
0.284936 3.85688
0.285036 3.85675
0.285136 3.85663
0.285236 3.85651
0.285336 3.85639
0.285436 3.85627
0.285536 3.85615
0.285636 3.85603
0.285736 3.85591
0.285836 3.85579
0.285936 3.85567
0.286036 3.85555
0.286136 3.85543
0.286236 3.85531
0.286336 3.85519
0.286436 3.85507
0.286536 3.85495
0.286636 3.85483
0.286736 3.85471
0.286836 3.85459
0.286936 3.85447
0.287036 3.85435
0.287136 3.85422
0.287236 3.8541
0.287336 3.85398
0.287436 3.85386
0.287536 3.85374
0.287636 3.85362
0.287736 3.8535
0.287836 3.85338
0.287936 3.85326
0.288036 3.85314
0.288136 3.85302
0.288236 3.8529
0.288336 3.85278
0.288436 3.85266
0.288535 3.85254
0.288635 3.85242
0.288735 3.8523
0.288835 3.85218
0.288935 3.85206
0.289035 3.85194
0.289135 3.85182
0.289235 3.8517
0.289335 3.85158
0.289435 3.85146
0.289535 3.85134
0.289635 3.85122
0.289735 3.8511
0.289835 3.85098
0.289935 3.85085
0.290035 3.85073
0.290135 3.85061
0.290235 3.85049
0.290335 3.85037
0.290435 3.85025
0.290535 3.85013
0.290635 3.85001
0.290735 3.84989
0.290835 3.84977
0.290935 3.84965
0.291035 3.84953
0.291135 3.84941
0.291235 3.84929
0.291335 3.84917
0.291435 3.84905
0.291535 3.84893
0.291635 3.84881
0.291735 3.84869
0.291835 3.84857
0.291935 3.84845
0.292035 3.84833
0.292135 3.84821
0.292235 3.84809
0.292335 3.84797
0.292434 3.84785
0.292534 3.84773
0.292634 3.84761
0.292734 3.84749
0.292834 3.84737
0.292934 3.84725
0.293034 3.84713
0.293134 3.84701
0.293234 3.84689
0.293334 3.84677
0.293434 3.84665
0.293534 3.84653
0.293634 3.84641
0.293734 3.84629
0.293834 3.84617
0.293934 3.84605
0.294034 3.84593
0.294134 3.84581
0.294234 3.84568
0.294334 3.84556
0.294434 3.84544
0.294534 3.84532
0.294634 3.8452
0.294734 3.84508
0.294834 3.84496
0.294934 3.84484
0.295034 3.84472
0.295134 3.8446
0.295234 3.84448
0.295334 3.84436
0.295434 3.84424
0.295534 3.84412
0.295634 3.844
0.295734 3.84388
0.295834 3.84376
0.295934 3.84364
0.296034 3.84352
0.296134 3.8434
0.296233 3.84328
0.296333 3.84316
0.296433 3.84304
0.296533 3.84292
0.296633 3.8428
0.296733 3.84268
0.296833 3.84256
0.296933 3.84244
0.297033 3.84232
0.297133 3.8422
0.297233 3.84208
0.297333 3.84196
0.297433 3.84184
0.297533 3.84172
0.297633 3.8416
0.297733 3.84148
0.297833 3.84136
0.297933 3.84124
0.298033 3.84112
0.298133 3.841
0.298233 3.84088
0.298333 3.84076
0.298433 3.84064
0.298533 3.84052
0.298633 3.8404
0.298733 3.84028
0.298833 3.84016
0.298933 3.84004
0.299033 3.83992
0.299132 3.8398
0.299232 3.83968
0.299331 3.83956
0.29943 3.83944
0.29953 3.83933
0.299629 3.83921
0.299729 3.83909
0.299828 3.83897
0.299927 3.83885
0.300027 3.83873
0.300126 3.83861
0.300225 3.83849
0.300325 3.83837
0.300424 3.83825
0.300524 3.83813
0.300623 3.83801
0.300722 3.83789
0.300822 3.83778
0.300921 3.83766
0.301021 3.83754
0.30112 3.83742
0.301219 3.8373
0.301319 3.83718
0.301418 3.83706
0.301518 3.83694
0.301617 3.83682
0.301716 3.8367
0.301816 3.83658
0.301915 3.83646
0.302015 3.83635
0.302114 3.83623
0.302213 3.83611
0.302313 3.83599
0.302412 3.83587
0.302511 3.83575
0.302611 3.83563
0.30271 3.83551
0.30281 3.83539
0.302909 3.83527
0.303008 3.83515
0.303108 3.83503
0.303207 3.83492
0.303307 3.8348
0.303406 3.83468
0.303505 3.83456
0.303605 3.83444
0.303704 3.83432
0.303804 3.8342
0.303903 3.83408
0.304002 3.83396
0.304102 3.83384
0.304201 3.83372
0.304301 3.83361
0.3044 3.83349
0.304499 3.83337
0.304599 3.83325
0.304698 3.83313
0.304797 3.83301
0.304897 3.83289
0.304996 3.83277
0.305096 3.83265
0.305195 3.83253
0.305294 3.83241
0.305394 3.8323
0.305493 3.83218
0.305593 3.83206
0.305692 3.83194
0.305791 3.83182
0.305891 3.8317
0.30599 3.83158
0.30609 3.83146
0.306189 3.83134
0.306288 3.83122
0.306388 3.83111
0.306487 3.83099
0.306587 3.83087
0.306686 3.83075
0.306785 3.83063
0.306885 3.83051
0.306984 3.83039
0.307084 3.83027
0.307183 3.83015
0.307282 3.83003
0.307382 3.82992
0.307481 3.8298
0.30758 3.82968
0.30768 3.82956
0.307779 3.82944
0.307879 3.82932
0.307978 3.8292
0.308077 3.82908
0.308177 3.82896
0.308276 3.82885
0.308376 3.82873
0.308475 3.82861
0.308574 3.82849
0.308674 3.82837
0.308773 3.82825
0.308873 3.82813
0.308972 3.82801
0.309071 3.82789
0.309171 3.82778
0.30927 3.82766
0.30937 3.82754
0.309469 3.82742
0.309568 3.8273
0.309668 3.82718
0.309767 3.82706
0.309866 3.82694
0.309966 3.82682
0.310065 3.82671
0.310165 3.82659
0.310264 3.82647
0.310363 3.82635
0.310463 3.82623
0.310562 3.82611
0.310662 3.82599
0.310761 3.82587
0.31086 3.82575
0.31096 3.82564
0.311059 3.82552
0.311159 3.8254
0.311258 3.82528
0.311357 3.82516
0.311457 3.82504
0.311556 3.82492
0.311656 3.8248
0.311755 3.82469
0.311854 3.82457
0.311954 3.82445
0.312053 3.82433
0.312153 3.82421
0.312252 3.82409
0.312351 3.82397
0.312451 3.82385
0.31255 3.82374
0.312649 3.82362
0.312749 3.8235
0.312848 3.82338
0.312948 3.82326
0.313047 3.82314
0.313146 3.82302
0.313246 3.8229
0.313345 3.82278
0.313445 3.82267
0.313544 3.82255
0.313643 3.82243
0.313743 3.82231
0.313842 3.82219
0.313942 3.82207
0.314041 3.82195
0.31414 3.82184
0.31424 3.82172
0.314339 3.8216
0.314439 3.82148
0.314538 3.82136
0.314637 3.82124
0.314737 3.82112
0.314836 3.821
0.314935 3.82089
0.315035 3.82077
0.315135 3.82065
0.315234 3.82053
0.315334 3.82041
0.315434 3.82029
0.315534 3.82017
0.315633 3.82005
0.315733 3.81993
0.315833 3.81981
0.315933 3.8197
0.316032 3.81958
0.316132 3.81946
0.316232 3.81934
0.316332 3.81922
0.316431 3.8191
0.316531 3.81898
0.316631 3.81886
0.316731 3.81874
0.31683 3.81862
0.31693 3.81851
0.31703 3.81839
0.31713 3.81827
0.317229 3.81815
0.317329 3.81803
0.317429 3.81791
0.317529 3.81779
0.317628 3.81767
0.317728 3.81755
0.317828 3.81743
0.317928 3.81732
0.318027 3.8172
0.318127 3.81708
0.318227 3.81696
0.318326 3.81684
0.318426 3.81672
0.318526 3.8166
0.318626 3.81648
0.318725 3.81636
0.318825 3.81624
0.318925 3.81613
0.319025 3.81601
0.319124 3.81589
0.319224 3.81577
0.319324 3.81565
0.319424 3.81553
0.319523 3.81541
0.319623 3.81529
0.319723 3.81517
0.319823 3.81505
0.319922 3.81494
0.320022 3.81482
0.320122 3.8147
0.320222 3.81458
0.320321 3.81446
0.320421 3.81434
0.320521 3.81422
0.320621 3.8141
0.32072 3.81398
0.32082 3.81387
0.32092 3.81375
0.32102 3.81363
0.321119 3.81351
0.321219 3.81339
0.321319 3.81327
0.321419 3.81315
0.321518 3.81303
0.321618 3.81292
0.321718 3.8128
0.321818 3.81268
0.321917 3.81256
0.322017 3.81244
0.322117 3.81232
0.322217 3.8122
0.322316 3.81208
0.322416 3.81196
0.322516 3.81185
0.322616 3.81173
0.322715 3.81161
0.322815 3.81149
0.322915 3.81137
0.323015 3.81125
0.323114 3.81113
0.323214 3.81101
0.323314 3.8109
0.323414 3.81078
0.323513 3.81066
0.323613 3.81054
0.323713 3.81042
0.323813 3.8103
0.323912 3.81018
0.324012 3.81006
0.324112 3.80994
0.324212 3.80983
0.324311 3.80971
0.324411 3.80959
0.324511 3.80947
0.324611 3.80935
0.32471 3.80923
0.32481 3.80911
0.32491 3.80899
0.325009 3.80888
0.325109 3.80876
0.325209 3.80864
0.325309 3.80852
0.325408 3.8084
0.325508 3.80828
0.325608 3.80816
0.325708 3.80805
0.325807 3.80793
0.325907 3.80781
0.326007 3.80769
0.326107 3.80757
0.326206 3.80745
0.326306 3.80733
0.326406 3.80721
0.326506 3.8071
0.326605 3.80698
0.326705 3.80686
0.326805 3.80674
0.326905 3.80662
0.327004 3.8065
0.327104 3.80638
0.327204 3.80627
0.327304 3.80615
0.327403 3.80603
0.327503 3.80591
0.327603 3.80579
0.327703 3.80567
0.327802 3.80555
0.327902 3.80543
0.328002 3.80532
0.328102 3.8052
0.328201 3.80508
0.328301 3.80496
0.328401 3.80484
0.328501 3.80472
0.3286 3.8046
0.3287 3.80449
0.3288 3.80437
0.3289 3.80425
0.328999 3.80413
0.329099 3.80401
0.329199 3.80389
0.329299 3.80377
0.329398 3.80366
0.329498 3.80354
0.329598 3.80342
0.329698 3.8033
0.329797 3.80318
0.329897 3.80306
0.329997 3.80294
0.330097 3.80283
0.330196 3.80271
0.330296 3.80259
0.330396 3.80247
0.330496 3.80235
0.330595 3.80223
0.330695 3.80211
0.330795 3.802
0.330895 3.80188
0.330994 3.80176
0.331094 3.80164
0.331194 3.80152
0.331294 3.8014
0.331393 3.80129
0.331493 3.80117
0.331593 3.80105
0.331692 3.80093
0.331792 3.80081
0.331892 3.80069
0.331992 3.80057
0.332091 3.80046
0.332191 3.80034
0.332291 3.80022
0.332391 3.8001
0.33249 3.79998
0.33259 3.79986
0.332689 3.79975
0.332789 3.79963
0.332889 3.79951
0.332988 3.79939
0.333088 3.79927
0.333187 3.79915
0.333287 3.79904
0.333387 3.79892
0.333486 3.7988
0.333586 3.79868
0.333685 3.79856
0.333785 3.79844
0.333885 3.79833
0.333984 3.79821
0.334084 3.79809
0.334183 3.79797
0.334283 3.79785
0.334383 3.79774
0.334482 3.79762
0.334582 3.7975
0.334681 3.79738
0.334781 3.79726
0.334881 3.79714
0.33498 3.79703
0.33508 3.79691
0.335179 3.79679
0.335279 3.79667
0.335378 3.79655
0.335478 3.79644
0.335578 3.79632
0.335677 3.7962
0.335777 3.79608
0.335876 3.79596
0.335976 3.79584
0.336076 3.79573
0.336175 3.79561
0.336275 3.79549
0.336374 3.79537
0.336474 3.79525
0.336574 3.79514
0.336673 3.79502
0.336773 3.7949
0.336872 3.79478
0.336972 3.79466
0.337072 3.79455
0.337171 3.79443
0.337271 3.79431
0.33737 3.79419
0.33747 3.79407
0.33757 3.79396
0.337669 3.79384
0.337769 3.79372
0.337868 3.7936
0.337968 3.79348
0.338068 3.79336
0.338167 3.79325
0.338267 3.79313
0.338366 3.79301
0.338466 3.79289
0.338566 3.79277
0.338665 3.79266
0.338765 3.79254
0.338864 3.79242
0.338964 3.7923
0.339064 3.79218
0.339163 3.79207
0.339263 3.79195
0.339362 3.79183
0.339462 3.79171
0.339562 399.539
0.339661 417.102
0.339761 434.546
0.33986 451.868
0.33996 469.065
0.34006 486.136
0.340159 503.077
0.340259 519.887
0.340358 536.564
0.340458 553.105
0.340558 569.509
0.340657 585.773
0.340757 601.894
0.340856 617.872
0.340956 633.704
0.341056 649.388
0.341155 664.922
0.341255 680.303
0.341354 695.532
0.341454 710.604
0.341554 725.519
0.341653 740.275
0.341753 754.869
0.341852 769.301
0.341952 783.568
0.342052 797.668
0.342151 811.601
0.342251 825.364
0.34235 838.956
0.34245 852.375
0.34255 865.62
0.342649 878.689
0.342749 891.581
0.342848 904.294
0.342948 916.827
0.343047 929.179
0.343147 941.348
0.343247 953.332
0.343346 965.131
0.343446 976.743
0.343545 988.168
0.343645 999.403
0.343745 1010.45
0.343844 1021.3
0.343944 1031.96
0.344043 1042.43
0.344143 1052.71
0.344243 1062.78
0.344342 1072.66
0.344442 1082.35
0.344541 1091.84
0.344641 1101.12
0.344741 1110.21
0.34484 1119.1
0.34494 1127.78
0.345039 1136.26
0.345139 1144.54
0.345239 1152.62
0.345338 1160.49
0.345438 1168.16
0.345537 1175.63
0.345637 1182.88
0.345737 1189.93
0.345836 1196.78
0.345936 1203.42
0.346035 1209.85
0.346135 1216.07
0.346235 1222.08
0.346334 1227.89
0.346434 1233.49
0.346533 1238.88
0.346633 1244.06
0.346733 1249.03
0.346832 1253.79
0.346932 1258.34
0.347031 1262.68
0.347131 1266.82
0.347231 1270.74
0.34733 1274.45
0.34743 1277.96
0.347529 1281.26
0.347629 1284.34
0.347729 1287.22
0.347828 1289.89
0.347928 1292.36
0.348027 1294.61
0.348127 1296.66
0.348227 1298.49
0.348326 1300.13
0.348426 1301.55
0.348525 1302.77
0.348625 1303.78
0.348724 1304.59
0.348823 1305.19
0.348923 1305.59
0.349022 1305.79
0.349122 1305.78
0.349221 1305.57
0.349321 1305.16
0.34942 1304.55
0.34952 1303.75
0.349619 1302.74
0.349719 1301.53
0.349818 1300.13
0.349918 1298.52
0.350017 1296.73
0.350117 1294.74
0.350216 1292.55
0.350316 1290.17
0.350415 1287.6
0.350515 1284.84
0.350614 1281.89
0.350714 1278.75
0.350813 1275.42
0.350913 1271.9
0.351012 1268.2
0.351112 1264.32
0.351211 1258.68
0.351311 1254.44
0.35141 1250.01
0.35151 1245.41
0.351609 1240.62
0.351709 1235.66
0.351808 1230.52
0.351908 1225.21
0.352007 1219.73
0.352107 1214.07
0.352206 1208.25
0.352305 1202.26
0.352405 1196.1
0.352504 1189.77
0.352604 1183.28
0.352703 1176.63
0.352803 1169.81
0.352902 1162.84
0.353002 1155.71
0.353101 1148.42
0.353201 1140.98
0.3533 1133.38
0.3534 1125.63
0.353499 1117.74
0.353599 1109.69
0.353698 1101.5
0.353798 1093.17
0.353897 1084.69
0.353997 1076.07
0.354096 1067.31
0.354196 1058.41
0.354295 1049.38
0.354395 1040.21
0.354494 1030.91
0.354594 1021.49
0.354693 1011.93
0.354793 1002.25
0.354892 992.438
0.354992 982.507
0.355091 972.455
0.355191 962.285
0.35529 951.998
0.35539 941.596
0.355489 931.081
0.355589 920.454
0.355688 909.719
0.355787 898.877
0.355887 887.93
0.355986 876.88
0.356086 865.73
0.356185 854.48
0.356285 843.133
0.356384 831.692
0.356484 820.158
0.356583 808.533
0.356683 796.82
0.356782 785.021
0.356882 773.137
0.356981 761.171
0.357081 749.124
0.35718 737
0.35728 724.8
0.357379 712.526
0.357479 700.18
0.357578 687.765
0.357678 675.282
0.357777 662.734
0.357877 650.123
0.357976 637.451
0.358076 624.721
0.358175 611.934
0.358275 599.092
0.358374 586.198
0.358474 573.253
0.358573 560.261
0.358673 547.223
0.358772 534.141
0.358872 521.018
0.358971 507.855
0.359071 494.655
0.35917 481.421
0.359269 468.153
0.359369 454.854
0.359468 441.527
0.359568 428.173
0.359667 414.796
0.359767 401.395
0.359866 387.975
0.359966 374.538
0.360065 361.084
0.360165 347.617
0.360264 334.138
0.360364 320.65
0.360463 307.155
0.360563 293.655
0.360662 280.151
0.360762 266.647
0.360861 253.144
0.360961 239.644
0.36106 226.149
0.36116 212.662
0.361259 199.184
0.361359 185.718
0.361458 172.265
0.361558 158.828
0.361657 145.409
0.361757 132.009
0.361856 118.631
0.361956 105.277
0.362055 91.948
0.362155 78.6469
0.362254 65.3753
0.362354 52.1354
0.362453 38.9289
0.362553 25.7579
0.362652 12.6243
0.362752 -0.470091
0.362851 -13.5233
0.36295 -26.5333
0.36305 -39.4985
0.363149 -52.4168
0.363249 -65.2864
0.363348 -78.1055
0.363448 -90.8723
0.363547 -103.585
0.363647 -116.242
0.363746 -128.841
0.363846 -141.38
0.363945 -153.859
0.364045 -166.274
0.364144 -178.624
0.364244 -190.909
0.364343 -203.125
0.364443 -215.271
0.364542 -227.346
0.364642 -239.348
0.364741 -251.275
0.364841 -2.54103
0.36494 -2.54095
0.36504 -2.54087
0.365139 -2.54079
0.365239 -2.54071
0.365339 -2.54063
0.365438 -2.54055
0.365538 -2.54048
0.365638 -2.5404
0.365737 -2.54032
0.365837 -2.54024
0.365937 -2.54016
0.366036 -2.54008
0.366136 -2.54
0.366236 -2.53992
0.366335 -2.53984
0.366435 -2.53976
0.366535 -2.53968
0.366634 -2.53961
0.366734 -2.53953
0.366834 -2.53945
0.366933 -2.53937
0.367033 -2.53929
0.367133 -2.53921
0.367232 -2.53913
0.367332 -2.53905
0.367432 -2.53897
0.367531 -2.53889
0.367631 -2.53881
0.367731 -2.53874
0.36783 -2.53866
0.36793 -2.53858
0.36803 -2.5385
0.368129 -2.53842
0.368229 -2.53834
0.368329 -2.53826
0.368428 -2.53818
0.368528 -2.5381
0.368628 -2.53802
0.368727 -2.53794
0.368827 -2.53787
0.368927 -2.53779
0.369026 -2.53771
0.369126 -2.53763
0.369226 -2.53755
0.369325 -2.53747
0.369425 -2.53739
0.369525 -2.53731
0.369624 -2.53723
0.369724 -2.53715
0.369824 -2.53708
0.369923 -2.537
0.370023 -2.53692
0.370123 -2.53684
0.370223 -2.53676
0.370322 -2.53668
0.370422 -2.5366
0.370522 -2.53652
0.370621 -2.53644
0.370721 -2.53636
0.370821 -2.53629
0.37092 -2.53621
0.37102 -2.53613
0.37112 -2.53605
0.371219 -2.53597
0.371319 -2.53589
0.371419 -2.53581
0.371518 -2.53573
0.371618 -2.53565
0.371718 -2.53557
0.371817 -2.5355
0.371917 -2.53542
0.372017 -2.53534
0.372116 -2.53526
0.372216 -2.53518
0.372316 -2.5351
0.372415 -2.53502
0.372515 -2.53494
0.372615 -2.53486
0.372714 -2.53478
0.372814 -2.53471
0.372914 -2.53463
0.373013 -2.53455
0.373113 -2.53447
0.373213 -2.53439
0.373312 -2.53431
0.373412 -2.53423
0.373512 -2.53415
0.373611 -2.53407
0.373711 -2.534
0.373811 -2.53392
0.37391 -2.53384
0.37401 -2.53376
0.37411 -2.53368
0.374209 -2.5336
0.374309 -2.53352
0.374409 -2.53344
0.374508 -2.53336
0.374608 -2.53328
0.374708 -2.53321
0.374807 -2.53313
0.374907 -2.53305
0.375007 -2.53297
0.375106 -2.53289
0.375206 -2.53281
0.375306 -2.53273
0.375406 -2.53265
0.375505 -2.53257
0.375605 -2.5325
0.375705 -2.53242
0.375804 -2.53234
0.375904 -2.53226
0.376004 -2.53218
0.376103 -2.5321
0.376203 -2.53202
0.376303 -2.53194
0.376402 -2.53186
0.376502 -2.53179
0.376602 -2.53171
0.376701 -2.53163
0.376801 -2.53155
0.376901 -2.53147
0.377 -2.53139
0.3771 -2.53131
0.3772 -2.53123
0.377299 -2.53116
0.377399 -2.53108
0.377499 -2.531
0.377598 -2.53092
0.377698 -2.53084
0.377798 -2.53076
0.377897 -2.53068
0.377997 -2.5306
0.378097 -2.53052
0.378196 -2.53045
0.378296 -2.53037
0.378396 -2.53029
0.378495 -2.53021
0.378595 -2.53013
0.378695 -2.53005
0.378794 -2.52997
0.378894 -2.52989
0.378994 -2.52982
0.379093 -2.52974
0.379193 -2.52966
0.379293 -2.52958
0.379392 -2.5295
0.379492 -2.52942
0.379592 -2.52934
0.379691 -2.52926
0.379791 -2.52918
0.379891 -2.52911
0.37999 -2.52903
0.38009 -2.52895
0.38019 -2.52887
0.380289 -2.52879
0.380389 -2.52871
0.380489 -2.52863
0.380589 -2.52855
0.380688 -2.52848
0.380788 -2.5284
0.380888 -2.52832
0.380987 -2.52824
0.381087 -2.52816
0.381187 -2.52808
0.381286 -2.528
0.381386 -2.52792
0.381486 -2.52785
0.381585 -2.52777
0.381685 -2.52769
0.381785 -2.52761
0.381884 -2.52753
0.381984 -2.52745
0.382084 -2.52737
0.382183 -2.52729
0.382283 -2.52722
0.382383 -2.52714
0.382482 -2.52706
0.382582 -2.52698
0.382682 -2.5269
0.382782 -2.52682
0.382881 -2.52674
0.382981 -2.52667
0.383081 -2.52659
0.38318 -2.52651
0.38328 -2.52643
0.38338 -2.52635
0.383479 -2.52627
0.383579 -2.52619
0.383679 -2.52611
0.383779 -2.52604
0.383878 -2.52596
0.383978 -2.52588
0.384078 -2.5258
0.384177 -2.52572
0.384277 -2.52564
0.384377 -2.52556
0.384477 -2.52548
0.384576 -2.52541
0.384676 -2.52533
0.384776 -2.52525
0.384875 -2.52517
0.384975 -2.52509
0.385075 -2.52501
0.385174 -2.52493
0.385274 -2.52486
0.385374 -2.52478
0.385474 -2.5247
0.385573 -2.52462
0.385673 -2.52454
0.385773 -2.52446
0.385872 -2.52438
0.385972 -2.5243
0.386072 -2.52423
0.386171 -2.52415
0.386271 -2.52407
0.386371 -2.52399
0.386471 -2.52391
0.38657 -2.52383
0.38667 -2.52375
0.38677 -2.52368
0.386869 -2.5236
0.386969 -2.52352
0.387069 -2.52344
0.387168 -2.52336
0.387268 -2.52328
0.387368 -2.5232
0.387468 -2.52312
0.387567 -2.52305
0.387667 -2.52297
0.387767 -2.52289
0.387866 -2.52281
0.387966 -2.52273
0.388066 -2.52265
0.388165 -2.52257
0.388265 -2.5225
0.388365 -2.52242
0.388465 -2.52234
0.388564 -2.52226
0.388664 -2.52218
0.388764 -2.5221
0.388863 -2.52202
0.388963 -2.52195
0.389063 -2.52187
0.389162 -2.52179
0.389262 -2.52171
0.389362 -2.52163
0.389462 -2.52155
0.389561 -2.52147
0.389661 -2.5214
0.389761 -2.52132
0.38986 -2.52124
0.38996 -2.52116
0.39006 -2.52108
0.39016 -2.521
0.390259 -2.52092
0.390359 -2.52085
0.390459 -2.52077
0.390558 -2.52069
0.390658 -2.52061
0.390758 -2.52053
0.390857 -2.52045
0.390957 -2.52037
0.391057 -2.5203
0.391157 -2.52022
0.391256 -2.52014
0.391356 -2.52006
0.391456 -2.51998
0.391555 -2.5199
0.391655 -2.51983
0.391755 -2.51975
0.391854 -2.51967
0.391954 -2.51959
0.392054 -2.51951
0.392154 -2.51943
0.392253 -2.51935
0.392353 -2.51928
0.392453 -2.5192
0.392552 -2.51912
0.392652 -2.51904
0.392752 -2.51896
0.392851 -2.51888
0.392951 -2.5188
0.393051 -2.51873
0.393151 -2.51865
0.39325 -2.51857
0.39335 -2.51849
0.39345 -2.51841
0.393549 -2.51833
0.393649 -2.51826
0.393749 -2.51818
0.393848 -2.5181
0.393948 -2.51802
0.394048 -2.51794
0.394148 -2.51786
0.394247 -2.51778
0.394347 -2.51771
0.394447 -2.51763
0.394546 -2.51755
0.394646 -2.51747
0.394746 -2.51739
0.394845 -2.51731
0.394945 -2.51724
0.395045 -2.51716
0.395145 -2.51708
0.395244 -2.517
0.395344 -2.51692
0.395444 -2.51684
0.395543 -2.51677
0.395643 -2.51669
0.395743 -2.51661
0.395843 -2.51653
0.395942 -2.51645
0.396042 -2.51637
0.396142 -2.51629
0.396241 -2.51622
0.396341 -2.51614
0.396441 -2.51606
0.39654 -2.51598
0.39664 -2.5159
0.39674 -2.51582
0.39684 -2.51575
0.396939 -2.51567
0.397039 -2.51559
0.397139 -2.51551
0.397238 -2.51543
0.397338 -2.51535
0.397438 -2.51528
0.397537 -2.5152
0.397637 -2.51512
0.397737 -2.51504
0.397837 -2.51496
0.397936 -2.51488
0.398036 -2.51481
0.398136 -2.51473
0.398235 -2.51465
0.398335 -2.51457
0.398435 -2.51449
0.398534 -2.51441
0.398634 -2.51434
0.398734 -2.51426
0.398834 -2.51418
0.398934 -2.5141
0.399034 -2.51402
0.399133 -2.51394
0.399233 -2.51386
0.399333 -2.51379
0.399433 -2.51371
0.399533 -2.51363
0.399633 -2.51355
0.399733 -2.51347
0.399833 -2.51339
0.399932 -2.51332
0.400032 -2.51324
0.400132 -2.51316
0.400232 -2.51308
0.400332 -2.513
0.400432 -2.51292
0.400532 -2.51285
0.400632 -2.51277
0.400732 -2.51269
0.400831 -2.51261
0.400931 -2.51253
0.401031 -2.51245
0.401131 -2.51237
0.401231 -2.5123
0.401331 -2.51222
0.401431 -2.51214
0.401531 -2.51206
0.401631 -2.51198
0.40173 -2.5119
0.40183 -2.51183
0.40193 -2.51175
0.40203 -2.51167
0.40213 -2.51159
0.40223 -2.51151
0.40233 -2.51143
0.40243 -2.51136
0.40253 -2.51128
0.402629 -2.5112
0.402729 -2.51112
0.402829 -2.51104
0.402929 -2.51096
0.403029 -2.51088
0.403129 -2.51081
0.403229 -2.51073
0.403329 -2.51065
0.403429 -2.51057
0.403528 -2.51049
0.403628 -2.51041
0.403728 -2.51034
0.403828 -2.51026
0.403928 -2.51018
0.404028 -2.5101
0.404128 -2.51002
0.404228 -2.50994
0.404327 -2.50987
0.404427 -2.50979
0.404527 -2.50971
0.404627 -2.50963
0.404727 -2.50955
0.404827 -2.50947
0.404927 -2.5094
0.405027 -2.50932
0.405127 -2.50924
0.405226 -2.50916
0.405326 -2.50908
0.405426 -2.509
0.405526 -2.50893
0.405626 -2.50885
0.405726 -2.50877
0.405826 -2.50869
0.405926 -2.50861
0.406026 -2.50853
0.406125 -2.50846
0.406225 -2.50838
0.406325 -2.5083
0.406425 -2.50822
0.406525 -2.50814
0.406625 -2.50806
0.406725 -2.50799
0.406825 -2.50791
0.406925 -2.50783
0.407024 -2.50775
0.407124 -2.50767
0.407224 -2.5076
0.407324 -2.50752
0.407424 -2.50744
0.407524 -2.50736
0.407624 -2.50728
0.407724 -2.5072
0.407823 -2.50713
0.407923 -2.50705
0.408023 -2.50697
0.408123 -2.50689
0.408223 -2.50681
0.408323 -2.50673
0.408423 -2.50666
0.408523 -2.50658
0.408623 -2.5065
0.408722 -2.50642
0.408822 -2.50634
0.408922 -2.50626
0.409022 -2.50619
0.409122 -2.50611
0.409222 -2.50603
0.409322 -2.50595
0.409422 -2.50587
0.409522 -2.5058
0.409621 -2.50572
0.409721 -2.50564
0.409821 -2.50556
0.409921 -2.50548
0.410021 -2.5054
0.410121 -2.50533
0.410221 -2.50525
0.410321 -2.50517
0.410421 -2.50509
0.41052 -2.50501
0.41062 -2.50494
0.41072 -2.50486
0.41082 -2.50478
0.41092 -2.5047
0.41102 -2.50462
0.41112 -2.50454
0.41122 -2.50447
0.411319 -2.50439
0.411419 -2.50431
0.411519 -2.50423
0.411619 -2.50415
0.411719 -2.50408
0.411819 -2.504
0.411919 -2.50392
0.412019 -2.50384
0.412119 -2.50376
0.412218 -2.50368
0.412318 -2.50361
0.412418 -2.50353
0.412518 -2.50345
0.412618 -2.50337
0.412718 -2.50329
0.412818 -2.50322
0.412918 -2.50314
0.413018 -2.50306
0.413117 -2.50298
0.413217 -2.5029
0.413317 -2.50283
0.413417 -2.50275
0.413517 -2.50267
0.413617 -2.50259
0.413717 -2.50251
0.413817 -2.50243
0.413917 -2.50236
0.414016 -2.50228
0.414116 -2.5022
0.414216 -2.50212
0.414316 -2.50204
0.414416 -2.50197
0.414516 -2.50189
0.414616 -2.50181
0.414716 -2.50173
0.414815 -2.50165
0.414915 -2.50158
0.415015 -2.5015
0.415115 -2.50142
0.415215 -2.50134
0.415315 -2.50126
0.415415 -2.50119
0.415514 -2.50111
0.415614 -2.50103
0.415714 -2.50095
0.415814 -2.50087
0.415914 -2.50079
0.416014 -2.50072
0.416114 -2.50064
0.416213 -2.50056
0.416313 -2.50048
0.416413 -2.5004
0.416513 -2.50033
0.416613 -2.50025
0.416713 -2.50017
0.416812 -2.50009
0.416912 -2.50001
0.417012 -2.49994
0.417112 -2.49986
0.417212 -2.49978
0.417312 -2.4997
0.417411 -2.49962
0.417511 -2.49955
0.417611 -2.49947
0.417711 -2.49939
0.417811 -2.49931
0.417911 -2.49923
0.418011 -2.49916
0.41811 -2.49908
0.41821 -2.499
0.41831 -2.49892
0.41841 -2.49884
0.41851 -2.49877
0.41861 -2.49869
0.418709 -2.49861
0.418809 -2.49853
0.418909 -2.49846
0.419009 -2.49838
0.419109 -2.4983
0.419209 -2.49822
0.419308 -2.49814
0.419408 -2.49807
0.419508 -2.49799
0.419608 -2.49791
0.419708 -2.49783
0.419808 -2.49775
0.419907 -2.49768
0.420007 -2.4976
0.420107 -2.49752
0.420207 -2.49744
0.420307 -2.49736
0.420407 -2.49729
0.420507 -2.49721
0.420606 -2.49713
0.420706 -2.49705
0.420806 -2.49697
0.420906 -2.4969
0.421006 -2.49682
0.421106 -2.49674
0.421205 -2.49666
0.421305 -2.49658
0.421405 -2.49651
0.421505 -2.49643
0.421605 -2.49635
0.421705 -2.49627
0.421804 -2.4962
0.421904 -2.49612
0.422004 -2.49604
0.422104 -2.49596
0.422204 -2.49588
0.422304 -2.49581
0.422404 -2.49573
0.422503 -2.49565
0.422603 -2.49557
0.422703 -2.49549
0.422803 -2.49542
0.422903 -2.49534
0.423003 -2.49526
0.423102 -2.49518
0.423202 -2.49511
0.423302 -2.49503
0.423402 -2.49495
0.423502 -2.49487
0.423602 -2.49479
0.423701 -2.49472
0.423801 -2.49464
0.423901 -2.49456
0.424001 -2.49448
0.424101 -2.4944
0.424201 -2.49433
0.424301 -2.49425
0.4244 -2.49417
0.4245 -2.49409
0.4246 -2.49402
0.4247 -2.49394
0.4248 -2.49386
0.4249 -2.49378
0.424999 -2.4937
0.425099 -2.49363
0.425199 -2.49355
0.425299 -2.49347
0.425399 -2.49339
0.425499 -2.49332
0.425598 -2.49324
0.425698 -2.49316
0.425798 -2.49308
0.425898 -2.493
0.425998 -2.49293
0.426098 -2.49285
0.426197 -2.49277
0.426297 -2.49269
0.426397 -2.49262
0.426497 -2.49254
0.426597 -2.49246
0.426697 -2.49238
0.426797 -2.4923
0.426896 -2.49223
0.426996 -2.49215
0.427096 -2.49207
0.427196 -2.49199
0.427296 -2.49192
0.427396 -2.49184
0.427495 -2.49176
0.427595 -2.49168
0.427695 -2.4916
0.427795 -2.49153
0.427895 -2.49145
0.427995 -2.49137
0.428094 -2.49129
0.428194 -2.49122
0.428294 -2.49114
0.428394 -2.49106
0.428494 -2.49098
0.428594 -2.49091
0.428694 -2.49083
0.428793 -2.49075
0.428893 -2.49067
0.428993 -2.49059
0.429093 -2.49052
0.429193 -2.49044
0.429293 -2.49036
0.429392 -2.49028
0.429492 -2.49021
0.429592 -2.49013
0.429692 -2.49005
0.429792 -2.48997
0.429892 -2.48989
0.429991 -2.48982
0.430091 -2.48974
0.430191 -2.48966
0.430291 -2.48958
0.430391 -2.48951
0.430491 -2.48943
0.430591 -2.48935
0.43069 -2.48927
0.43079 -2.4892
0.43089 -2.48912
0.43099 -2.48904
0.43109 -2.48896
0.43119 -2.48889
0.431289 -2.48881
0.431389 -2.48873
0.431489 -2.48865
0.431589 -2.48857
0.431689 -2.4885
0.431789 -2.48842
0.431888 -2.48834
0.431988 -2.48826
0.432088 -2.48819
0.432188 -2.48811
0.432288 -2.48803
0.432388 -2.48795
0.432487 -2.48788
0.432587 -2.4878
0.432687 -2.48772
0.432787 -2.48764
0.432886 -2.48757
0.432986 -2.48749
0.433086 -2.48741
0.433186 -2.48733
0.433286 -2.48726
0.433385 -2.48718
0.433485 -2.4871
0.433585 -2.48702
0.433685 -2.48695
0.433784 -2.48687
0.433884 -2.48679
0.433984 -2.48671
0.434084 -2.48664
0.434184 -2.48656
0.434283 -2.48648
0.434383 -2.4864
0.434483 -2.48632
0.434583 -2.48625
0.434682 -2.48617
0.434782 -2.48609
0.434882 -2.48601
0.434982 -2.48594
0.435082 -2.48586
0.435181 -2.48578
0.435281 -2.4857
0.435381 -2.48563
0.435481 -2.48555
0.43558 -2.48547
0.43568 -2.48539
0.43578 -2.48532
0.43588 -2.48524
0.43598 -2.48516
0.436079 -2.48508
0.436179 -2.48501
0.436279 -2.48493
0.436379 -2.48485
0.436478 -2.48477
0.436578 -2.4847
0.436678 -2.48462
0.436778 -2.48454
0.436878 -2.48446
0.436977 -2.48439
0.437077 -2.48431
0.437177 -2.48423
0.437277 -2.48416
0.437376 -2.48408
0.437476 -2.484
0.437576 -2.48392
0.437676 -2.48385
0.437776 -2.48377
0.437875 -2.48369
0.437975 -2.48361
0.438075 -2.48354
0.438175 -2.48346
0.438274 -2.48338
0.438374 -2.4833
0.438474 -2.48323
0.438574 -2.48315
0.438674 -2.48307
0.438773 -2.48299
0.438873 -2.48292
0.438973 -2.48284
0.439073 -2.48276
0.439172 -2.48268
0.439272 -2.48261
0.439372 -2.48253
0.439472 -2.48245
0.439572 -2.48237
0.439671 -2.4823
0.439771 -2.48222
0.439871 -2.48214
0.439971 -2.48206
0.440071 -2.48199
0.44017 -2.48191
0.44027 -2.48183
0.44037 -2.48176
0.44047 -2.48168
0.440569 -2.4816
0.440669 -2.48152
0.440769 -2.48145
0.440869 -2.48137
0.440969 -2.48129
0.441068 -2.48121
0.441168 -2.48114
0.441268 -2.48106
0.441368 -2.48098
0.441467 -2.4809
0.441567 -2.48083
0.441667 -2.48075
0.441767 -2.48067
0.441867 -2.48059
0.441966 -2.48052
0.442066 -2.48044
0.442166 -2.48036
0.442266 -2.48029
0.442365 -2.48021
0.442465 -2.48013
0.442565 -2.48005
0.442665 -2.47998
0.442765 -2.4799
0.442864 -2.47982
0.442964 -2.47974
0.443064 -2.47967
0.443164 -2.47959
0.443263 -2.47951
0.443363 -2.47943
0.443463 -2.47936
0.443563 -2.47928
0.443663 -2.4792
0.443762 -2.47913
0.443862 -2.47905
0.443962 -2.47897
0.444062 -2.47889
0.444161 -2.47882
0.444261 -2.47874
0.444361 -2.47866
0.444461 -2.47858
0.444561 -2.47851
0.44466 -2.47843
0.44476 -2.47835
0.44486 -2.47828
0.44496 -2.4782
0.445059 -2.47812
0.445159 -2.47804
0.445259 -2.47797
0.445359 -2.47789
0.445459 -2.47781
0.445558 -2.47773
0.445658 -2.47766
0.445758 -2.47758
0.445858 -2.4775
0.445957 -2.47743
0.446057 -2.47735
0.446157 -2.47727
0.446257 -2.47719
0.446357 -2.47712
0.446456 -2.47704
0.446556 -2.47696
0.446656 -2.47688
0.446756 -2.47681
0.446855 -2.47673
0.446955 -2.47665
0.447055 -2.47658
0.447155 -2.4765
0.447255 -2.47642
0.447354 -2.47634
0.447454 -2.47627
0.447554 -2.47619
0.447654 -2.47611
0.447753 -2.47604
0.447853 -2.47596
0.447953 -2.47588
0.448053 -2.4758
0.448153 -2.47573
0.448252 -2.47565
0.448352 -2.47557
0.448452 -2.47549
0.448552 -2.47542
0.448652 -2.47534
0.448751 -2.47526
0.448851 -2.47519
0.448951 -2.47511
0.449051 -2.47503
0.44915 -2.47495
0.44925 -2.47488
0.44935 -2.4748
0.44945 -2.47472
0.44955 -2.47465
0.449649 -2.47457
0.449749 -2.47449
0.449849 -2.47441
0.449949 -2.47434
0.450048 -2.47426
0.450148 -2.47418
0.450248 -2.47411
0.450348 -2.47403
0.450448 -2.47395
0.450547 -2.47387
0.450647 -2.4738
0.450747 -2.47372
0.450847 -2.47364
0.450946 -2.47357
0.451046 -2.47349
0.451146 -2.47341
0.451246 -2.47333
0.451346 -2.47326
0.451445 -2.47318
0.451545 -2.4731
0.451645 -2.47303
0.451745 -2.47295
0.451844 -2.47287
0.451944 -2.47279
0.452044 -2.47272
0.452144 -2.47264
0.452244 -2.47256
0.452343 -2.47249
0.452443 -2.47241
0.452543 -2.47233
0.452643 -2.47225
0.452742 -2.47218
0.452842 -2.4721
0.452942 -2.47202
0.453042 -2.47195
0.453142 -2.47187
0.453241 -2.47179
0.453341 -2.47172
0.453441 -2.47164
0.453541 -2.47156
0.45364 -2.47148
0.45374 -2.47141
0.45384 -2.47133
0.45394 -2.47125
0.45404 -2.47118
0.454139 -2.4711
0.454239 -2.47102
0.454339 -2.47094
0.454439 -2.47087
0.454538 -2.47079
0.454638 -2.47071
0.454738 -2.47064
0.454838 -2.47056
0.454938 -2.47048
0.455037 -2.47041
0.455137 -2.47033
0.455237 -2.47025
0.455337 -2.47017
0.455436 -2.4701
0.455536 -2.47002
0.455636 -2.46994
0.455736 -2.46987
0.455836 -2.46979
0.455935 -2.46971
0.456035 -2.46964
0.456135 -2.46956
0.456235 -2.46948
0.456334 -2.4694
0.456434 -2.46933
0.456534 -2.46925
0.456634 -2.46917
0.456734 -2.4691
0.456833 -2.46902
0.456933 -2.46894
0.457033 -2.46887
0.457133 -2.46879
0.457233 -2.46871
0.457332 -2.46863
0.457432 -2.46856
0.457532 -2.46848
0.457632 -2.4684
0.457731 -2.46833
0.457831 -2.46825
0.457931 -2.46817
0.458031 -2.4681
0.458131 -2.46802
0.45823 -2.46794
0.45833 -2.46786
0.45843 -2.46779
0.45853 -2.46771
0.458629 -2.46763
0.458729 -2.46756
0.458829 -2.46748
0.458929 -2.4674
0.459029 -2.46733
0.459128 -2.46725
0.459228 -2.46717
0.459328 -2.4671
0.459428 -2.46702
0.459527 -2.46694
0.459627 -2.46686
0.459727 -2.46679
0.459827 -2.46671
0.459927 -2.46663
0.460026 -2.46656
0.460126 -2.46648
0.460226 -2.4664
0.460326 -2.46633
0.460425 -2.46625
0.460525 -2.46617
0.460625 -2.4661
0.460725 -2.46602
0.460825 -2.46594
0.460924 -2.46586
0.461024 -2.46579
0.461124 -2.46571
0.461224 -2.46563
0.461323 -2.46556
0.461423 -2.46548
0.461523 -2.4654
0.461623 -2.46533
0.461723 -2.46525
0.461822 -2.46517
0.461922 -2.4651
0.462022 -2.46502
0.462122 -2.46494
0.462221 -2.46487
0.462321 -2.46479
0.462421 -2.46471
0.462521 -2.46463
0.462621 -2.46456
0.46272 -2.46448
0.46282 -2.4644
0.46292 -2.46433
0.46302 -2.46425
0.463119 -2.46417
0.463219 -2.4641
0.463319 -2.46402
0.463419 -2.46394
0.463519 -2.46387
0.463618 -2.46379
0.463718 -2.46371
0.463818 -2.46364
0.463918 -2.46356
0.464017 -2.46348
0.464117 -2.46341
0.464217 -2.46333
0.464317 -2.46325
0.464417 -2.46318
0.464516 -2.4631
0.464616 -2.46302
0.464716 -2.46294
0.464816 -2.46287
0.464915 -2.46279
0.465015 -2.46271
0.465115 -2.46264
0.465215 -2.46256
0.465315 -2.46248
0.465414 -2.46241
0.465514 -2.46233
0.465614 -2.46225
0.465713 -2.46218
0.465813 -2.4621
0.465913 -2.46202
0.466012 -2.46195
0.466112 -2.46187
0.466211 -2.46179
0.466311 -2.46172
0.466411 -2.46164
0.46651 -2.46156
0.46661 -2.46149
0.466709 -2.46141
0.466809 -2.46133
0.466909 -2.46126
0.467008 -2.46118
0.467108 -2.4611
0.467207 -2.46103
0.467307 -2.46095
0.467407 -2.46087
0.467506 -2.4608
0.467606 -2.46072
0.467705 -2.46064
0.467805 -2.46057
0.467905 -2.46049
0.468004 -2.46041
0.468104 -2.46034
0.468204 -2.46026
0.468303 -2.46019
0.468403 -2.46011
0.468502 -2.46003
0.468602 -2.45996
0.468702 -2.45988
0.468801 -2.4598
0.468901 -2.45973
0.469 -2.45965
0.4691 -2.45957
0.4692 -2.4595
0.469299 -2.45942
0.469399 -2.45934
0.469498 -2.45927
0.469598 -2.45919
0.469698 -2.45911
0.469797 -2.45904
0.469897 -2.45896
0.469996 -2.45888
0.470096 -2.45881
0.470196 -2.45873
0.470295 -2.45865
0.470395 -2.45858
0.470494 -2.4585
0.470594 -2.45842
0.470694 -2.45835
0.470793 -2.45827
0.470893 -2.45819
0.470992 -2.45812
0.471092 -2.45804
0.471192 -2.45797
0.471291 -2.45789
0.471391 -2.45781
0.471491 -2.45774
0.47159 -2.45766
0.47169 -2.45758
0.471789 -2.45751
0.471889 -2.45743
0.471989 -2.45735
0.472088 -2.45728
0.472188 -2.4572
0.472287 -2.45712
0.472387 -2.45705
0.472487 -2.45697
0.472586 -2.45689
0.472686 -2.45682
0.472785 -2.45674
0.472885 -2.45667
0.472985 -2.45659
0.473084 -2.45651
0.473184 -2.45644
0.473283 -2.45636
0.473383 -2.45628
0.473483 -2.45621
0.473582 -2.45613
0.473682 -2.45605
0.473781 -2.45598
0.473881 -2.4559
0.473981 -2.45582
0.47408 -2.45575
0.47418 -2.45567
0.474279 -2.45559
0.474379 -2.45552
0.474479 -2.45544
0.474578 -2.45537
0.474678 -2.45529
0.474778 -2.45521
0.474877 -2.45514
0.474977 -2.45506
0.475076 -2.45498
0.475176 -2.45491
0.475276 -2.45483
0.475375 -2.45475
0.475475 -2.45468
0.475574 -2.4546
0.475674 -2.45452
0.475774 -2.45445
0.475873 -2.45437
0.475973 -2.4543
0.476072 -2.45422
0.476172 -2.45414
0.476272 -2.45407
0.476371 -2.45399
0.476471 -2.45391
0.47657 -2.45384
0.47667 -2.45376
0.47677 -2.45368
0.476869 -2.45361
0.476969 -2.45353
0.477068 -2.45346
0.477168 -2.45338
0.477268 -2.4533
0.477367 -2.45323
0.477467 -2.45315
0.477566 -2.45307
0.477666 -2.453
0.477766 -2.45292
0.477865 -2.45284
0.477965 -2.45277
0.478064 -2.45269
0.478164 -2.45262
0.478264 -2.45254
0.478363 -2.45246
0.478463 -2.45239
0.478563 -2.45231
0.478662 -2.45223
0.478762 -2.45216
0.478861 -2.45208
0.478961 -2.452
0.479061 -2.45193
0.47916 -2.45185
0.47926 -2.45178
0.479359 -2.4517
0.479459 -2.45162
0.479559 -2.45155
0.479658 -2.45147
0.479758 -2.45139
0.479857 -2.45132
0.479957 -2.45124
0.480057 -2.45117
0.480156 -2.45109
0.480256 -2.45101
0.480355 -2.45094
0.480455 -2.45086
0.480555 -2.45078
0.480654 -2.45071
0.480754 -2.45063
0.480853 -2.45056
0.480953 -2.45048
0.481053 -2.4504
0.481152 -2.45033
0.481252 -2.45025
0.481351 -2.45017
0.481451 -2.4501
0.481551 -2.45002
0.48165 -2.44995
0.48175 -2.44987
0.48185 -2.44979
0.481949 -2.44972
0.482049 -2.44964
0.482148 -2.44956
0.482248 -2.44949
0.482348 -2.44941
0.482447 -2.44934
0.482547 -2.44926
0.482646 -2.44918
0.482746 -2.44911
0.482846 -2.44903
0.482946 -2.44895
0.483045 -2.44888
0.483145 -2.4488
0.483245 -2.44872
0.483344 -2.44865
0.483444 -2.44857
0.483544 -2.4485
0.483644 -2.44842
0.483743 -2.44834
0.483843 -2.44827
0.483943 -2.44819
0.484042 -2.44811
0.484142 -2.44804
0.484242 -2.44796
0.484342 -2.44789
0.484441 -2.44781
0.484541 -2.44773
0.484641 -2.44766
0.48474 -2.44758
0.48484 -2.4475
0.48494 -2.44743
0.48504 -2.44735
0.485139 -2.44728
0.485239 -2.4472
0.485339 -2.44712
0.485438 -2.44705
0.485538 -2.44697
0.485638 -2.44689
0.485738 -2.44682
0.485837 -2.44674
0.485937 -2.44667
0.486037 -2.44659
0.486136 -2.44651
0.486236 -2.44644
0.486336 -2.44636
0.486436 -2.44628
0.486535 -2.44621
0.486635 -2.44613
0.486735 -2.44606
0.486834 -2.44598
0.486934 -2.4459
0.487034 -2.44583
0.487134 -2.44575
0.487233 -2.44567
0.487333 -2.4456
0.487433 -2.44552
0.487532 -2.44545
0.487632 -2.44537
0.487732 -2.44529
0.487832 -2.44522
0.487931 -2.44514
0.488031 -2.44506
0.488131 -2.44499
0.48823 -2.44491
0.48833 -2.44484
0.48843 -2.44476
0.48853 -2.44468
0.488629 -2.44461
0.488729 -2.44453
0.488829 -2.44446
0.488928 -2.44438
0.489028 -2.4443
0.489128 -2.44423
0.489228 -2.44415
0.489327 -2.44407
0.489427 -2.444
0.489527 -2.44392
0.489626 -2.44385
0.489726 -2.44377
0.489826 -2.44369
0.489926 -2.44362
0.490025 -2.44354
0.490125 -2.44347
0.490225 -2.44339
0.490324 -2.44331
0.490424 -2.44324
0.490524 -2.44316
0.490624 -2.44308
0.490723 -2.44301
0.490823 -2.44293
0.490923 -2.44286
0.491023 -2.44278
0.491122 -2.4427
0.491222 -2.44263
0.491322 -2.44255
0.491421 -2.44248
0.491521 -2.4424
0.491621 -2.44232
0.491721 -2.44225
0.49182 -2.44217
0.49192 -2.4421
0.49202 -2.44202
0.492119 -2.44194
0.492219 -2.44187
0.492319 -2.44179
0.492419 -2.44171
0.492518 -2.44164
0.492618 -2.44156
0.492718 -2.44149
0.492817 -2.44141
0.492917 -2.44133
0.493017 -2.44126
0.493117 -2.44118
0.493216 -2.44111
0.493316 -2.44103
0.493416 -2.44095
0.493515 -2.44088
0.493615 -2.4408
0.493715 -2.44073
0.493815 -2.44065
0.493914 -2.44057
0.494014 -2.4405
0.494114 -2.44042
0.494213 -2.44035
0.494313 -2.44027
0.494413 -2.44019
0.494513 -2.44012
0.494612 -2.44004
0.494712 -2.43997
0.494812 -2.43989
0.494911 -2.43981
0.495011 -2.43974
0.495111 -2.43966
0.495211 -2.43959
0.49531 -2.43951
0.49541 -2.43943
0.49551 -2.43936
0.495609 -2.43928
0.495709 -2.4392
0.495809 -2.43913
0.495909 -2.43905
0.496008 -2.43898
0.496108 -2.4389
0.496208 -2.43882
0.496307 -2.43875
0.496407 -2.43867
0.496507 -2.4386
0.496607 -2.43852
0.496706 -2.43844
0.496806 -2.43837
0.496906 -2.43829
0.497005 -2.43822
0.497105 -2.43814
0.497205 -2.43807
0.497305 -2.43799
0.497404 -2.43791
0.497504 -2.43784
0.497604 -2.43776
0.497703 -2.43769
0.497803 -2.43761
0.497903 -2.43753
0.498003 -2.43746
0.498102 -2.43738
0.498202 -2.43731
0.498302 -2.43723
