0 0
0.000980522 -6.25
0.00196104 -6.24808
0.00294156 -6.24617
0.00392209 -6.24426
0.00490261 -6.24234
0.00588313 -6.24043
0.00686365 -6.23852
0.00784417 -6.23661
0.00882469 -6.2347
0.00980522 -6.23279
0.0107857 -6.23088
0.0117663 -6.22897
0.0127468 -6.22706
0.0137273 -6.22515
0.0147078 -6.22324
0.0156883 -6.22134
0.0166689 -6.21943
0.0175696 -6.21752
0.0184704 -6.21577
0.0193712 -6.21402
0.020272 -6.21227
0.0211728 -6.21053
0.0221467 -6.20878
0.0231207 -6.20689
0.0240946 -6.205
0.0250685 -6.20311
0.0260425 -6.20122
0.0270164 -6.19933
0.0279904 -6.19745
0.0289092 -6.19556
0.029828 -6.19378
0.0307468 -6.192
0.0316657 -6.19023
0.0325845 -6.18845
0.0335033 -6.18667
0.0344221 -6.1849
0.0353409 -6.18312
0.0362598 -6.18134
0.0371464 -6.17957
0.0380329 -6.17786
0.0389195 -6.17615
0.0398061 -6.17443
0.0406927 -6.17272
0.0415793 -6.17101
0.0424659 -6.1693
0.0434412 -6.16759
0.0444165 -6.16571
0.0453918 -6.16384
0.0463671 -6.16196
0.0473424 -6.16008
0.0483178 -6.1582
0.0492931 -6.15632
0.0502821 -6.15445
0.0512711 -6.15255
0.0522602 -6.15064
0.0532492 -6.14874
0.0542382 -6.14684
0.0552272 -6.14494
0.0562163 -6.14304
0.05714 -6.14115
0.0580638 -6.13937
0.0589876 -6.1376
0.0599114 -6.13583
0.0608351 -6.13406
0.0617589 -6.13229
0.0626827 -6.13052
0.0636065 -6.12875
0.0645237 -6.12698
0.065441 -6.12522
0.0663582 -6.12347
0.0672754 -6.12171
0.0681927 -6.11996
0.0691099 -6.1182
0.0700272 -6.11645
0.0710126 -6.11469
0.0719981 -6.11281
0.0729835 -6.11093
0.0739689 -6.10905
0.0749544 -6.10717
0.0759398 -6.10528
0.0769253 -628.024
0.0778241 -899.689
0.0787229 -1128.41
0.0796218 -1336.41
0.0805206 -1521.63
0.0814195 -1682.39
0.0823183 -1817.35
0.0832171 -1925.54
0.084116 -2006.35
0.0850351 -2059.54
0.0859542 -2085.21
0.0868733 -2082.61
0.0877924 -2052.59
0.0887115 -1996.35
0.0896306 -1913.83
0.0905497 -1810.01
0.0914688 -1685.31
0.0923905 -1541.98
0.0933122 -1381.94
0.094234 -1208.21
0.0951557 -1023.5
0.0960774 -830.577
0.0969991 -632.238
0.0979209 -431.277
0.0989082 -230.437
0.0998956 -18.0492
0.100883 187.995
0.10187 384.755
0.102858 3.9856
0.103845 3.98437
0.104832 3.98314
0.10571 3.98191
0.106588 3.98082
0.107466 3.97973
0.108344 3.97864
0.109221 3.97755
0.110099 3.97646
0.110977 3.97537
0.111855 3.97427
0.112775 3.97318
0.113695 3.97204
0.114615 3.9709
0.115535 3.96976
0.116455 3.96862
0.117375 3.96748
0.118295 3.96634
0.119214 3.9652
0.120122 3.96406
0.121029 3.96293
0.121937 3.96181
0.122844 3.96068
0.123752 3.95956
0.124659 3.95844
0.125567 3.95732
0.126457 3.95619
0.127347 3.95509
0.128237 3.95399
0.129127 3.95289
0.130017 3.95179
0.130907 3.95069
0.131798 3.9496
0.132688 3.9485
0.133666 3.9474
0.134643 3.94619
0.135621 3.94499
0.136599 3.94378
0.137577 3.94258
0.138555 3.94137
0.139533 3.94017
0.140493 3.93896
0.141453 3.93778
0.142413 3.9366
0.143372 3.93542
0.144332 3.93424
0.145292 3.93306
0.146252 3.93188
0.147212 3.9307
0.148105 3.92952
0.148999 3.92842
0.149892 3.92733
0.150785 3.92623
0.151679 3.92513
0.152572 3.92404
0.153465 3.92294
0.154455 3.92185
0.155445 3.92063
0.156435 3.91942
0.157426 3.91821
0.158416 3.917
0.159406 3.91578
0.160396 3.91457
0.161273 3.91336
0.16215 3.91229
0.163027 3.91122
0.163904 3.91014
0.164781 3.90907
0.165658 3.908
0.166536 3.90693
0.167413 3.90586
0.168382 3.90479
0.16935 3.90361
0.170319 3.90242
0.171288 3.90124
0.172257 3.90006
0.173226 3.89888
0.174195 3.8977
0.175164 3.89652
0.17603 3.89534
0.176897 3.89429
0.177763 3.89323
0.17863 3.89218
0.179496 3.89112
0.180363 3.89007
0.181229 3.88902
0.182225 3.88796
0.183221 3.88675
0.184217 3.88554
0.185213 3.88433
0.186209 3.88312
0.187205 3.88192
0.188201 3.88071
0.189192 3.8795
0.190182 3.8783
0.191173 3.8771
0.192164 3.8759
0.193154 3.8747
0.194145 3.8735
0.195136 3.8723
0.196079 3.8711
0.197022 3.86996
0.197966 3.86882
0.198909 3.86768
0.199853 3.86654
0.200796 3.8654
0.201739 3.86426
0.202683 3.86312
0.203564 3.86198
0.204446 3.86092
0.205327 3.85985
0.206209 3.85879
0.20709 3.85773
0.207972 3.85666
0.208853 3.8556
0.209735 3.85454
0.210647 3.85348
0.211559 3.85238
0.212472 3.85128
0.213384 3.85018
0.214296 3.84908
0.215209 3.84799
0.216121 3.84689
0.216997 3.84579
0.217874 3.84474
0.21875 3.84369
0.219627 3.84263
0.220503 3.84158
0.22138 3.84053
0.222256 3.83948
0.223132 3.83843
0.22407 3.83738
0.225007 3.83625
0.225944 3.83513
0.226881 3.834
0.227819 3.83288
0.228756 3.83176
0.229693 3.83064
0.23063 3.82951
0.231528 3.82839
0.232425 3.82732
0.233323 3.82625
0.234221 3.82517
0.235118 3.8241
0.236016 3.82303
0.236913 3.82195
0.237889 3.82088
0.238865 3.81972
0.239841 3.81855
0.240817 3.81739
0.241793 3.81622
0.242769 3.81506
0.243744 3.8139
0.244731 3.81273
0.245718 3.81156
0.246704 3.81038
0.247691 3.80921
0.248678 3.80803
0.249664 3.80686
0.250651 3.80569
0.251638 3.80451
0.252595 3.80334
0.253553 3.8022
0.25451 3.80106
0.255467 3.79993
0.256425 3.79879
0.257382 3.79765
0.258339 3.79652
0.259297 3.79538
0.260278 3.79425
0.261259 3.79308
0.26224 3.79192
0.263221 3.79076
0.264202 3.78959
0.265183 3.78843
0.266062 3.78727
0.266942 3.78623
0.267821 3.78519
0.2687 3.78415
0.26958 3.78311
0.270459 3.78207
0.271338 3.78103
0.272218 3.77999
0.273136 3.77895
0.274054 3.77787
0.274972 3.77679
0.275891 3.7757
0.276809 3.77462
0.277727 3.77353
0.278646 3.77245
0.279561 3.77137
0.280476 3.77029
0.281392 3.76921
0.282307 3.76813
0.283223 3.76706
0.284138 3.76598
0.285054 3.7649
0.285969 3.76382
0.286846 3.76275
0.287723 3.76172
0.288599 3.76069
0.289476 3.75965
0.290353 3.75862
0.29123 3.75759
0.292107 3.75656
0.293028 3.75554
0.293948 3.75445
0.294869 3.75337
0.29579 3.75229
0.296711 3.75121
0.297632 3.75014
0.298552 3.74906
0.299473 3.74798
0.300422 3.7469
0.301371 3.74579
0.30232 3.74468
0.303269 3.74357
0.304218 3.74246
0.305167 3.74135
0.306116 3.74024
0.307026 3.73913
0.307937 3.73806
0.308847 3.737
0.309757 3.73594
0.310668 3.73487
0.311578 3.73381
0.312488 3.73275
0.313399 3.73169
0.314309 3.73063
0.3153 3.72957
0.31629 3.72841
0.31728 3.72726
0.318271 3.7261
0.319261 3.72495
0.320252 3.7238
0.321249 3.72264
0.322246 3.72148
0.323242 3.72033
0.324239 3.71917
0.325236 3.71801
0.326233 3.71685
0.32723 3.71569
0.328112 3.71453
0.328995 3.71351
0.329877 3.71249
0.33076 3.71146
0.331642 3.71044
0.332525 3.70942
0.333407 3.70839
0.334289 3.70737
0.335244 3.70635
0.336199 3.70524
0.337153 3.70414
0.338108 3.70303
0.339063 3.70193
0.340017 3.70082
0.340972 3.69972
0.341921 3.69861
0.342869 3.69752
0.343818 3.69642
0.344767 3.69533
0.345715 3.69423
0.346664 446.094
0.347613 601.641
0.348561 744.071
0.349474 871.772
0.350387 979.604
0.351299 1071.58
0.352212 1146.96
0.353125 1205.24
0.354037 1246.16
0.35495 1269.67
0.355948 1275.99
0.356945 1262.85
0.357943 1230.5
0.35894 1178.47
0.359938 1111.31
0.360935 1028.99
0.361933 933.27
0.362874 826.049
0.363814 716.689
0.364755 600.667
0.365696 479.782
0.366637 355.853
0.367577 230.682
0.368518 106.038
0.369459 -16.3712
0.370398 -134.92
0.371337 -247.868
0.372276 -2.41828
0.373215 -2.41757
0.374154 -2.41686
0.375093 -2.41615
0.376032 -2.41544
0.37697 -2.41473
0.377876 -2.41402
0.378781 -2.41334
0.379686 -2.41266
0.380592 -2.41197
0.381497 -2.41129
0.382403 -2.41061
0.383308 -2.40993
0.384299 -2.40925
0.385291 -2.4085
0.386282 -2.40775
0.387274 -2.40701
0.388265 -2.40626
0.389257 -2.40552
0.390248 -2.40477
0.391187 -2.40402
0.392125 -2.40332
0.393063 -2.40262
0.394001 -2.40191
0.394939 -2.40121
0.395877 -2.4005
0.396815 -2.3998
0.397799 -2.3991
0.398782 -2.39836
0.399765 -2.39762
0.400749 -2.39688
0.401732 -2.39615
0.402715 -2.39541
0.403699 -2.39468
0.404682 -2.39394
0.405646 -2.3932
0.40661 -2.39248
0.407574 -2.39176
0.408538 -2.39104
0.409502 -2.39032
0.410466 -2.3896
0.41143 -2.38888
0.412394 -2.38816
0.413254 -2.38744
0.414113 -2.3868
0.414972 -2.38616
0.415832 -2.38552
0.416691 -2.38488
0.417551 -2.38424
0.41841 -2.3836
0.419332 -2.38296
0.420253 -2.38227
0.421175 -2.38159
0.422097 -2.3809
0.423019 -2.38021
0.42394 -2.37953
0.424862 -2.37884
0.425784 -2.37816
0.426706 -2.37747
0.427578 -2.37679
0.42845 -2.37614
0.429322 -2.37549
0.430195 -2.37484
0.431067 -2.3742
0.431939 -2.37355
0.432812 -2.3729
0.433805 -2.37226
0.434798 -2.37152
0.435792 -2.37078
0.436785 -2.37005
0.437779 -2.36931
0.438772 -2.36858
0.439699 -2.36784
0.440626 -2.36715
0.441553 -2.36647
0.44248 -2.36578
0.443406 -2.3651
0.444333 -2.36441
0.44526 -2.36373
0.446165 -2.36304
0.447069 -2.36238
0.447973 -2.36171
0.448878 -2.36104
0.449782 -2.36037
0.450687 -2.35971
0.451591 -2.35904
0.452496 -2.35837
0.453455 -2.35771
0.454414 -2.357
0.455373 -2.35629
0.456333 -2.35559
0.457292 -2.35488
0.458251 -2.35417
0.459211 -2.35347
0.460115 -2.35276
0.461019 -2.3521
0.461924 -2.35143
0.462828 -2.35077
0.463733 -2.3501
0.464637 -2.34944
0.465541 -2.34878
0.466446 -2.34811
0.46735 -2.34745
